"RowNumber","SiteName","UTM_E","UTM_N","o","y","point.ID","poly.ID","AGENCY","UNIT_NAME","TS_NAME","YEAR","YrsSinceDi","TREATMENT_","class","e","ht","mint","maxt","p","r.d","s.d","YrsSinceDist","hja"
"1","SM-04",564940,4900934,47,0,1,NA,NA,NA,NA,NA,NA,NA,NA,2825.98999023438,76.77001953125,3.58999991416931,14.5100002288818,2053.75,259.893207032497,413.47661586052,200,1
"2","HOBO-315",565090,4901358,54,0,2,NA,NA,NA,NA,NA,NA,NA,NA,3100.0400390625,160.820068359375,3.46000003814697,14.3800001144409,2008.75,113.289149246935,504.350660573312,200,1
"3","HOBO-308",565355,4900444,26,0,3,212,"USFS","WIL",NA,1953,65,"Clearcut",2,2599.169921875,47.75,3.58999991416931,14.5100002288818,2053.75,21.4007576545616,13.3859796048102,200,1
"4","HOBO-310",566025,4900660,5,0,4,198,"USFS","WIL","SNOWBRUSH",1982,36,"Clearcut",1,2803.30004882812,51.4599609375,3.58999991416931,14.539999961853,2137.42993164062,38.4012432987697,238.38526512356,200,1
"5","HOBO-312",566147,4901320,20,0,5,190,"USFS","WIL",NA,1963,55,"Clearcut",2,3014.669921875,100.52001953125,3.04999995231628,13.8900003433228,2197.8798828125,46.6275873364933,250.849541386298,200,1
"6","HOBO-317",565892,4901708,61,0,6,NA,NA,NA,NA,NA,NA,NA,NA,3094.669921875,163.43017578125,3.05999994277954,13.9099998474121,2165.8701171875,22.7553043726901,201.554914838846,200,1
"7","622337",564488,4892832,53,0,7,1044,"USFS","WIL",NA,1940,78,"Clearcut",2,1709.80004882812,114.279907226562,4.26000022888184,16.5900001525879,1839.18994140625,74.0106524142478,603.382598588362,200,0
"8","594580",562541,4893290,25,0,8,1485,"USFS","WIL",NA,1947,71,"Clearcut",2,1767.60998535156,130.130004882812,3.76999998092651,15.7299995422363,1987.22998046875,81.9606940613667,164.781749082482,200,0
"9","544292",562145,4894663,0,0,9,841,"USFS","WIL","MILL CREEK",1946,72,"Clearcut",2,2506.63989257812,81.4501953125,4.15000009536743,14.9700002670288,2099.65991210938,48.4884332932123,246.359964624622,200,0
"10","700239",563893,4892954,22,25,10,1028,"USFS","WIL","AMBUSH",1993,25,"Clearcut",1,1691.93005371094,35.2698974609375,4.26000022888184,16.5900001525879,1839.18994140625,46.5432736530954,1173.84041545741,25,0
"11","601725",561397,4893019,8,0,11,1043,"USFS","WIL","MILL CREEK",1962,56,"Clearcut",2,1829.72998046875,2.3599853515625,4.25,16.4500007629395,1852.25,26.8377790974532,241.617438020661,200,0
"12","647830",559534,4891481,48,0,12,529,"USFS","WIL",NA,1945,73,"Clearcut",2,1663.08996582031,128.280029296875,3.84999990463257,15.7799997329712,1825.19995117188,79.7838786533997,813.483391864866,200,0
"13","652934",558826,4891351,54,0,13,NA,NA,NA,NA,NA,NA,NA,NA,1508.67004394531,79.3199462890625,3.88000011444092,15.8699998855591,1841.58996582031,45.043863097676,744.967120325334,200,0
"14","650846",557737,4891311,7,17,14,NA,NA,NA,NA,NA,NA,NA,NA,1319.73999023438,33.31005859375,4.11999988555908,16.25,1892.40002441406,17.1885014910703,651.381708411837,17,0
"15","642613",556854,4891361,6,0,15,NA,NA,NA,NA,NA,NA,NA,NA,1412.03002929688,84.199951171875,4.59999990463257,16.7900009155273,1891.48999023438,60.3033737890354,861.565678255214,200,0
"16","SM-PG",560272,4896225,77,0,16,NA,NA,NA,NA,NA,NA,NA,NA,1526.01000976562,104.109985351562,3.96000003814697,15.8699998855591,2031.43005371094,22.6569779208156,142.802399580381,200,1
"17","700226",565581,4892903,6,25,17,1029,"USFS","WIL","AMBUSH",1993,25,"Clearcut",1,1928.43994140625,39.77001953125,3.73000001907349,15.7299995422363,1862.22998046875,13.267538794065,310.628731508143,25,0
"18","HOBO-304",563836,4899195,48,0,18,NA,NA,NA,NA,NA,NA,NA,NA,2236.80004882812,150.369873046875,3.13000011444092,15.210000038147,2050.93994140625,74.786368169824,334.538160912342,200,1
"19","HOBO-335",561664,4897213,43,0,19,535,"USFS","WIL","BLUE RIVER #1",1950,68,"Clearcut",2,1924.35998535156,116.190063476562,3.6800000667572,15.4300003051758,2069.97998046875,67.4167109153366,245.487989179305,200,1
"20","HOBO-053",567374,4899019,36,0,20,NA,NA,NA,NA,NA,NA,NA,NA,3041.64990234375,124.330078125,3.40000009536743,14.1300001144409,2257.05004882812,64.0979223346272,712.706724871686,200,1
"21","SM-05",567807,4898666,64,0,21,NA,NA,NA,NA,NA,NA,NA,NA,2996.580078125,133.280029296875,3.44000005722046,14.1199998855591,2292.919921875,80.7643340031103,267.546859591763,200,1
"22","HOBO-063",567977,4899592,25,0,22,475,"USFS","WIL",NA,1976,42,"Clearcut",2,3403.2099609375,80.06005859375,2.90000009536743,13.7200002670288,2331.60009765625,27.0848953422497,483.357433573243,200,1
"23","SM-09",567990,4900501,78,0,23,NA,NA,NA,NA,NA,NA,NA,NA,4021.8701171875,164.02001953125,2.8199999332428,13.4799995422363,2285.30004882812,231.154855155097,1039.2849348203,200,1
"24","HOBO-265",567001,4902618,52,0,24,NA,NA,NA,NA,NA,NA,NA,NA,4130.91015625,104.64990234375,2.34999990463257,12.539999961853,2252.55004882812,12.0880178226846,912.315248274075,200,1
"25","SM-08",567939,4902193,73,0,25,NA,NA,NA,NA,NA,NA,NA,NA,3928.36010742188,67.239990234375,2.76999998092651,13.6800003051758,2297.31005859375,88.1437504117699,217.187989898175,200,1
"26","HOBO-273",568200,4903500,42,0,26,NA,NA,NA,NA,NA,NA,NA,NA,5108.3701171875,37.85986328125,2.36999988555908,12.6000003814697,2295.23999023438,335.992783961212,709.590815209537,200,1
"27","HOBO-270",568792,4903058,49,0,27,NA,NA,NA,NA,NA,NA,NA,NA,4563.7001953125,58.73974609375,2.64000010490417,12.8599996566772,2336.32006835938,36.0576838891779,548.968176350186,200,1
"28","SM-02",564813,4899999,59,0,28,NA,NA,NA,NA,NA,NA,NA,NA,2333.75,50.9599609375,3.85999989509583,14.8100004196167,2034.59997558594,30.1341205629951,359.574683548792,200,1
"29","SM-01",564870,4898229,54,0,29,NA,NA,NA,NA,NA,NA,NA,NA,2146.3798828125,89.150146484375,3.45000004768372,15.1499996185303,2126.57006835938,67.6703564249496,186.79439472208,200,1
"30","HOBO-055",567367,4898518,57,0,30,275,"USFS","WIL",NA,1961,57,"Clearcut",2,2809.73999023438,107.52001953125,3.91000008583069,14.7399997711182,2224.31005859375,43.284154636676,377.386913490421,200,1
"31","SM-07",567031,4899518,46,0,31,NA,NA,NA,NA,NA,NA,NA,NA,3458.77001953125,182.699951171875,3.05999994277954,13.9700002670288,2255.84008789062,240.755604904506,1223.38979890037,200,1
"32","146764",565954,4904963,9,0,32,83,"USFS","WIL","LOBO",1982,36,"Clearcut",1,2591.53002929688,59.389892578125,3.55999994277954,14.3199996948242,2170.4599609375,47.5918303268886,95.5697460931157,200,0
"33","129276",566409,4905644,19,0,33,62,"USFS","WIL",NA,1963,55,"Clearcut",2,2802.47998046875,90.169921875,3.53999996185303,14.3199996948242,2184.6201171875,60.060756990599,236.783554533655,200,0
"34","179439",564607,4903596,52,0,34,NA,NA,NA,NA,NA,NA,NA,NA,2338.77001953125,116.25,3.91000008583069,14.7299995422363,2091.669921875,47.6481406072833,86.2344705990824,200,0
"35","161191",565031,4904352,32,0,35,NA,NA,NA,NA,NA,NA,NA,NA,2400.47998046875,135.219970703125,3.69000005722046,14.4899997711182,2123.8798828125,43.8162146237369,99.256035071253,200,0
"36","124031",568830,4905948,27,0,36,NA,NA,NA,NA,NA,NA,NA,NA,3317.61010742188,20.679931640625,2.20000004768372,13.4099998474121,2325.080078125,34.8489474340121,308.894706035516,200,0
"37","081090",567429,4904826,1,29,37,95,"USFS","WIL","LOOK UP",1990,28,"Clearcut",1,3193.59008789062,38.9599609375,3.30999994277954,14.0699996948242,2223.169921875,55.920099455191,343.870944057864,29,0
"38","135431",568424,4905487,4,3,38,64,"USFS","WIL",NA,1962,56,"Clearcut",2,3347.52001953125,41.85009765625,2.44000005722046,13.539999961853,2256.27001953125,48.3923037455514,185.819791185595,3,0
"39","150802",565612,4903947,33,13,39,1509,"USFS","WIL",NA,2005,13,"Clearcut",1,2665.65991210938,4.880126953125,3.50999999046326,14.3800001144409,2140.8798828125,35.1231534955279,513.535361128301,13,0
"40","150801",566740,4904503,41,0,40,NA,NA,NA,NA,NA,NA,NA,NA,3014.75,91.090087890625,3.5699999332428,14.3900003433228,2180.89990234375,56.7297254637825,82.6816652816856,200,0
"41","258173",565879,4903183,31,0,41,137,"USFS","WIL","WEST CARPENTER",1980,38,"Clearcut",1,3172.169921875,48.860107421875,3.29999995231628,13.9700002670288,2151.419921875,16.2904315663444,1217.54877465643,200,0
"42","248762",564142,4900864,39,12,42,1504,"USFS","WIL",NA,2006,12,"Clearcut",1,2725.84008789062,3.949951171875,3.79999995231628,14.6700000762939,2001.65002441406,54.1443171087307,1109.62214953779,12,0
"43","HOBO-016",564939,4897856,32,0,43,301,"USFS","WIL","BLUE RIVER #2",1959,59,"Clearcut",2,2091.71997070312,205.030029296875,3.45000004768372,15.1499996185303,2126.57006835938,61.450964720698,163.679193193901,200,1
"44","HOBO-036",566184,4897312,9,0,44,315,"USFS","WIL",NA,1959,59,"Clearcut",2,2571.84008789062,0.169921875,3.97000002861023,14.9700002670288,2271.94995117188,4.54937413393111,260.140908031686,200,1
"45","HOBO-242",567092,4898047,55,0,45,NA,NA,NA,NA,NA,NA,NA,NA,2440.93994140625,156.89013671875,3.91000008583069,14.7399997711182,2224.31005859375,63.4459111364429,43.3217425283125,200,1
"46","SM-06",566963,4897321,62,0,46,NA,NA,NA,NA,NA,NA,NA,NA,2588.3701171875,11.559814453125,3.97000002861023,14.9700002670288,2271.94995117188,79.3319605463452,457.107502507801,200,1
"47","HOBO-331",570775,4896043,44,0,47,NA,NA,NA,NA,NA,NA,NA,NA,3661.40991210938,51.16015625,3.04999995231628,13.8599996566772,2629.84008789062,58.8209561073582,39.9832882461047,200,1
"48","HOBO-333",570483,4895464,40,0,48,NA,NA,NA,NA,NA,NA,NA,NA,4133.08984375,84.59033203125,3.04999995231628,13.1099996566772,2670.92993164062,22.2712523207833,142.913039042225,200,1
"49","HOBO-216",569855,4894866,46,0,49,NA,NA,NA,NA,NA,NA,NA,NA,4675.85009765625,69.06005859375,1.86000001430511,12.1099996566772,2633.39990234375,618.035796533285,428.058254981161,200,1
"50","HOBO-233",569577,4895393,6,0,50,NA,NA,NA,NA,NA,NA,NA,NA,4894.77978515625,36.4501953125,1.86000001430511,12.1099996566772,2633.39990234375,784.87379288342,238.430024229309,200,1
"51","SM-03",563839,4897717,81,0,51,NA,NA,NA,NA,NA,NA,NA,NA,2060.419921875,60.510009765625,4.05999994277954,14.8599996566772,2224.18994140625,142.802029204227,358.262566525667,200,1
"52","HOBO-349",562725,4897644,66,0,52,NA,NA,NA,NA,NA,NA,NA,NA,1849.26000976562,53.3599853515625,3.54999995231628,15.2700004577637,2121.7900390625,18.3672606787013,317.698290494065,200,1
"53","307043",557449,4898230,7,0,53,271,"USFS","WIL",NA,1959,59,"Clearcut",2,1836.18762207031,80.037841796875,4.19999980926514,15.3000001907349,2151,39.4045654336755,91.3977258961929,200,0
"54","292528",555665,4898922,2,0,54,263,"USFS","WIL","TIDBITS B-205",1962,56,"Clearcut",2,2738.21801757812,29.39306640625,4.07999992370605,14.0699996948242,2427.43994140625,38.8224427999605,232.976196020464,200,0
"55","378882",555122,4899228,3,0,55,243,"USFS","WIL","TIDBITS CREEK B-206",1962,56,"Clearcut",2,2908.85522460938,66.83740234375,3.20000004768372,13.8699998855591,2491.17993164062,51.4837830758693,228.941898927387,200,0
"56","134101",559836,4897180,4,1,56,312,"USFS","WIL",NA,1959,59,"Clearcut",2,2199.55004882812,81.35986328125,3.94000005722046,15.9399995803833,2047.56005859375,64.2976792439526,374.486073665911,1,0
"57","130102",561523,4898458,43,0,57,NA,NA,NA,NA,NA,NA,NA,NA,2552.30004882812,48.489990234375,3.20000004768372,15.3599996566772,2059.080078125,29.3779472484488,791.891559565767,200,0
"58","128101",562060,4898855,15,0,58,266,"USFS","WIL","BLUE RIDGE",1976,42,"Clearcut",2,2637.5400390625,46.679931640625,4,14.9899997711182,2043.58996582031,78.9210204337289,1004.61156994835,200,0
"59","130101",561772,4899699,30,0,59,NA,NA,NA,NA,NA,NA,NA,NA,2479.6220703125,136.826904296875,3.44000005722046,15.0699996948242,2030.88000488281,27.953302845714,559.132686888677,200,0
"60","279822",562363,4899611,4,0,60,235,"USFS","WIL","BLUE RIDGE #2",1976,42,"Clearcut",2,2467.9599609375,77.219970703125,4.01999998092651,14.9899997711182,2007.02001953125,27.6488359393584,996.69940404433,200,0
"61","268413",562804,4900021,55,14,61,1656,"USFS","WIL","BLUE RIVER FACE",2004,14,"Single-tree selectio",1,2304.2900390625,117.489990234375,4.01999998092651,14.9899997711182,2007.02001953125,30.2253855111691,812.282426691428,14,0
"62","252447",563239,4900683,15,0,62,213,"USFS","WIL","BLUE EXTENSION",1981,37,"Clearcut",1,2394.34008789062,45.559814453125,4.03000020980835,14.9899997711182,2019.53002929688,56.6427660170563,686.923480393503,200,0
"63","HOBO-211",561071,4897180,61,0,63,NA,NA,NA,NA,NA,NA,NA,NA,1581.69995117188,136.440063476562,3.96000003814697,15.8299999237061,2018.03002929688,42.9951291800797,9.63848399284123,200,1
"64","HOBO-341",562273,4896274,32,0,64,NA,NA,NA,NA,NA,NA,NA,NA,2591.77001953125,111.179931640625,4.17000007629395,14.5699996948242,2220.06005859375,40.4877871320734,207.806071898515,200,1
"65","HOBO-347",561155,4895781,15,0,65,NA,NA,NA,NA,NA,NA,NA,NA,2446.8798828125,197.580078125,4.17000007629395,15.0799999237061,2006.2099609375,178.677036798921,1073.54007544901,200,1
"66","HOBO-357",562701,4895822,44,0,66,376,"USFS","WIL",NA,1959,59,"Clearcut",2,2864.69995117188,124.280029296875,4.17000007629395,14.5699996948242,2220.06005859375,9.53635452270313,226.796660546678,200,1
"67","HOBO-353",561600,4895723,38,0,67,361,"USFS","WIL",NA,1963,55,"Clearcut",2,2795.38989257812,41.260009765625,4.07999992370605,14.8699998855591,2075.419921875,12.6078828860799,1059.35319004243,200,1
"68","HOBO-345",563178,4896142,56,0,68,NA,NA,NA,NA,NA,NA,NA,NA,3412.72998046875,138.02001953125,3.63000011444092,14.3800001144409,2334.9599609375,35.7121944276353,213.033907381934,200,1
"69","HOBO-351",562042,4895853,47,0,69,NA,NA,NA,NA,NA,NA,NA,NA,2939.4599609375,93.679931640625,4.07999992370605,14.8699998855591,2075.419921875,17.722138792504,621.239441919225,200,1
"70","HOBO-032",565592,4895774,8,0,70,369,"USFS","WIL",NA,1957,61,"Clearcut",2,3882.0400390625,76.4599609375,3.53999996185303,14.2399997711182,2494.46997070312,28.4379381124131,1108.38369972982,200,1
"71","HOBO-014",564342,4896049,23,0,71,NA,NA,NA,NA,NA,NA,NA,NA,3834.44995117188,152.070068359375,3.32999992370605,14.1300001144409,2426.57006835938,39.0457327429286,811.008797314459,200,1
"72","HOBO-040",566145,4895960,13,0,72,369,"USFS","WIL",NA,1957,61,"Clearcut",2,3618.93994140625,94.18017578125,3.53999996185303,14.2399997711182,2494.46997070312,146.564214357319,644.256258908757,200,1
"73","HOBO-060",567339,4895095,0,0,73,397,"USFS","WIL","LOOKOUT RIDGE",1962,56,"Clearcut",2,3888.6298828125,79.64013671875,3.25999999046326,14.0699996948242,2688.25,83.8576061715685,658.80140087868,200,1
"74","076361",559380,4908110,5,0,74,1321,"USFS","WIL","BEAR PASS",1975,43,"Clearcut",2,4242.60205078125,33.23974609375,2.05999994277954,12.3100004196167,2612.60009765625,39.6757441457399,800.432421524891,200,0
"75","159408",557638,4905945,3,0,75,1381,"USFS","WIL",NA,1975,43,"Clearcut",2,4095.67651367188,30.785888671875,2.30999994277954,12.5200004577637,2463.18994140625,29.4366881896645,756.536435431965,200,0
"76","155365",559531,4905949,24,0,76,461,"USFS","WIL","WEST QUENTIN",1972,46,"Clearcut",2,3759.3212890625,50.12158203125,2.6800000667572,13.1099996566772,2321.89990234375,34.7522472799588,856.942453869694,200,0
"77","123545",559069,4906844,41,0,77,NA,NA,NA,NA,NA,NA,NA,NA,4056.28881835938,5.93994140625,2.6800000667572,13.1099996566772,2321.89990234375,20.6657817131526,711.295260347456,200,0
"78","217961",559905,4904157,42,0,78,NA,NA,NA,NA,NA,NA,NA,NA,3724.18383789062,98.759521484375,3.17000007629395,13.8400001525879,2207.9599609375,13.2993460920021,979.886203124234,200,0
"79","131067",560727,4904273,3,32,79,111,"USFS","WIL","UPPER QUENTIN",1985,33,"Clearcut",1,3250.861328125,23.80615234375,3.77999997138977,14.1300001144409,2205.7900390625,29.1301939221472,534.126475809943,32,0
"80","207746",561269,4904331,14,32,80,109,"USFS","WIL","UPPER QUENTIN",1985,33,"Clearcut",1,3041.431640625,26.991943359375,3.77999997138977,14.1300001144409,2205.7900390625,40.0671385572115,360.685624093158,32,0
"81","257002",561506,4903045,22,0,81,NA,NA,NA,NA,NA,NA,NA,NA,3292.755859375,69.189697265625,3.77999997138977,13.9799995422363,2065.40991210938,28.318727613355,796.582840670362,200,0
"82","286789",562481,4902252,50,0,82,NA,NA,NA,NA,NA,NA,NA,NA,2350.19995117188,91.489501953125,3.11999988555908,15.1099996566772,2040.59997558594,60.7123981096,272.743846904658,200,0
"83","150732",562682,4901132,29,0,83,205,"USFS","WIL","BLUE TITAN",1984,34,"Clearcut",1,1864.81005859375,74.949951171875,3.11999988555908,15.1099996566772,2040.59997558594,8.26548317704477,2.04472066404437,200,0
"84","361840",557647,4896180,5,0,84,NA,NA,NA,NA,NA,NA,NA,NA,2793.34008789062,29.68994140625,4.15000009536743,15.0600004196167,2097.78002929688,5.90889091509053,617.070206148569,200,0
"85","357256",556932,4896401,22,0,85,NA,NA,NA,NA,NA,NA,NA,NA,2983.2099609375,93.10009765625,4.30999994277954,14.5,2111.8701171875,19.3324194649735,381.789980226404,200,0
"86","400605",556312,4894446,21,0,86,410,"USFS","WIL","SCOUT",1976,42,"Clearcut",2,2520.46997070312,38.18994140625,4.3899998664856,14.8199996948242,2040.31994628906,42.4630154058214,453.831434706896,200,0
"87","364070",556046,4895953,48,0,87,NA,NA,NA,NA,NA,NA,NA,NA,3062.61010742188,59.9599609375,4.17000007629395,14.2600002288818,2167.84008789062,22.7292714216301,533.967410192821,200,0
"88","367193",558513,4895962,16,0,88,NA,NA,NA,NA,NA,NA,NA,NA,1825.84997558594,84.06005859375,4.03000020980835,16.0900001525879,2098.17993164062,23.7135160886788,300.985726439895,200,0
"89","372502",557910,4895668,35,0,89,NA,NA,NA,NA,NA,NA,NA,NA,2077.8701171875,147.97998046875,4.15000009536743,15.0600004196167,2097.78002929688,21.461951646974,237.679291907679,200,0
"90","287338",559781,4899188,30,0,90,NA,NA,NA,NA,NA,NA,NA,NA,2803.83740234375,55.289306640625,3.45000004768372,14.2200002670288,2211.830078125,47.4500899171909,899.678848287188,200,0
"91","301004",559007,4898550,11,0,91,NA,NA,NA,NA,NA,NA,NA,NA,3088.4287109375,66.701171875,4.15000009536743,14.2399997711182,2123.35009765625,23.6506931980063,1101.16568331028,200,0
"92","280500",560528,4899462,6,2,92,1373,"USFS","WIL",NA,1964,54,"Clearcut",2,2113.87939453125,100.579345703125,3.91000008583069,14.9399995803833,2182.42993164062,21.3132739603575,570.90040027347,2,0
"93","268355",560966,4899982,37,0,93,516,"USFS","WIL",NA,1964,54,"Clearcut",2,2244.21459960938,52.91650390625,3.69000005722046,15.7399997711182,2056.59008789062,54.0110767623937,254.223497319838,200,0
"94","290415",560896,4899037,16,2,94,1373,"USFS","WIL",NA,1964,54,"Clearcut",2,1639.70520019531,65.587646484375,3.83999991416931,15.6700000762939,2039.78002929688,40.3499735688829,9.16123448198502,2,0
"105","593665",565933,4893400,31,0,95,NA,NA,NA,NA,NA,NA,NA,NA,2337.96997070312,163.380126953125,4.21000003814697,14.7700004577637,2220.8798828125,28.0373827127876,595.110049760446,200,0
"134","335225",558228,4897232,9,0,96,319,"USFS","WIL","COOK RIDGE #1",1972,46,"Clearcut",2,1537.91491699219,7.443603515625,3.63000011444092,15.3500003814697,2118.82006835938,4.66785341608541,57.9554460080392,200,0
