"RowNumber","SiteName","UTM_E","UTM_N","ogsi","y","point.ID","poly.ID","AGENCY","UNIT_NAME","TS_NAME","YEAR","YrsSinceDi_cuts","TREATMENT_","class","elevation","canopy_ht","avg_min_temp","avg_max_temp","avg_precip","distance_rd","distance_stream","YrsSinceDist","in_hja"
"1","076361",559358,4908130,9,0,1,1321,"USFS","WIL","BEAR PASS",1975,43,"Clearcut",2,4273.189453125,8.712890625,2.05999994277954,12.3100004196167,2612.60009765625,38.2852788472772,829.336680465466,200,0
"2","081090",567480,4904834,1,29,2,95,"USFS","WIL","LOOK UP",1990,28,"Clearcut",1,3252.22998046875,44.780029296875,3.30999994277954,14.0699996948242,2223.169921875,64.5309965018256,341.906649027247,29,0
"3","123545",559063,4906840,41,0,3,NA,NA,NA,NA,NA,NA,NA,NA,4058.7607421875,31.864990234375,2.6800000667572,13.1099996566772,2321.89990234375,24.618624301885,718.327019692391,200,0
"4","124031",568825,4905960,35,0,4,NA,NA,NA,NA,NA,NA,NA,NA,3326.88989257812,225.050048828125,2.20000004768372,13.4099998474121,2325.080078125,44.638731279497,313.546384641401,200,0
"5","128101",562059,4898859,15,0,5,266,"USFS","WIL","BLUE RIDGE",1976,42,"Clearcut",2,2636.8701171875,36.919921875,4,14.9899997711182,2043.58996582031,82.3925366679459,1001.86430326667,200,0
"6","129276",566379,4905651,25,0,6,62,"USFS","WIL",NA,1963,55,"Clearcut",2,2770.3798828125,85,3.53999996185303,14.3199996948242,2184.6201171875,51.7814513946109,207.312229907821,200,0
"7","130101",561780,4899685,32,0,7,NA,NA,NA,NA,NA,NA,NA,NA,2495.13232421875,44.125732421875,3.44000005722046,15.0699996948242,2030.88000488281,18.9515669343251,569.54838915501,200,0
"8","130102",561542,4898476,47,0,8,NA,NA,NA,NA,NA,NA,NA,NA,2553.42993164062,202.31005859375,3.20000004768372,15.3599996566772,2059.080078125,36.6448688688608,805.814191963391,200,0
"9","131067",560725,4904285,3,32,9,111,"USFS","WIL","UPPER QUENTIN",1985,33,"Clearcut",1,3232.59228515625,22.27880859375,3.77999997138977,14.1300001144409,2205.7900390625,39.0383990855705,525.758410052214,32,0
"10","134101",559839,4897166,4,1,10,520,"USFS","WIL","BLUE RIVER LEAVE #1",1972,46,"Clearcut",2,2212.6201171875,80.489990234375,3.94000005722046,15.9399995803833,2047.56005859375,61.2095882458739,381.922397788595,1,0
"11","135431",568423,4905510,4,3,11,64,"USFS","WIL",NA,1962,56,"Clearcut",2,3342.10009765625,37.559814453125,2.44000005722046,13.539999961853,2256.27001953125,71.3668939595705,163.617483783549,3,0
"12","146764",565951,4904959,9,0,12,83,"USFS","WIL","LOBO",1982,36,"Clearcut",1,2591.2099609375,43.469970703125,3.55999994277954,14.3199996948242,2170.4599609375,46.9850665154041,94.8580920403417,200,0
"13","150732",562678,4901170,23,0,13,205,"USFS","WIL","BLUE TITAN",1984,34,"Clearcut",1,1932.2099609375,19.72998046875,3.11999988555908,15.1099996566772,2040.59997558594,39.4878447636619,32.5053739500206,200,0
"14","150801",566717,4904521,41,0,14,NA,NA,NA,NA,NA,NA,NA,NA,2991.47998046875,109.409912109375,3.5699999332428,14.3900003433228,2180.89990234375,42.5470593141421,85.5960816701323,200,0
"16","150802",565613,4903947,33,13,15,1509,"USFS","WIL",NA,2005,13,"Clearcut",1,2666.25,3.2099609375,3.50999999046326,14.3800001144409,2140.8798828125,35.1815980144518,513.811876771133,13,0
"17","155365",559521,4905961,24,0,16,461,"USFS","WIL","WEST QUENTIN",1972,46,"Clearcut",2,3763.99975585938,54.889892578125,2.6800000667572,13.1099996566772,2321.89990234375,29.1439137671295,850.825378559954,200,0
"18","159408",557639,4905910,4,0,17,1381,"USFS","WIL",NA,1975,43,"Clearcut",2,4086.59301757812,0.8466796875,2.30999994277954,12.5200004577637,2463.18994140625,44.4436840949612,774.696343321884,200,0
"19","161191",565024,4904353,32,0,18,NA,NA,NA,NA,NA,NA,NA,NA,2403.57006835938,155.679931640625,3.69000005722046,14.4899997711182,2123.8798828125,38.6715618471553,105.540102416057,200,0
"20","179439",564607,4903607,46,0,19,NA,NA,NA,NA,NA,NA,NA,NA,2341.86010742188,186.18994140625,3.91000008583069,14.7299995422363,2091.669921875,42.825536131949,92.6995183671721,200,0
"21","207746",561237,4904353,11,32,20,109,"USFS","WIL","UPPER QUENTIN",1985,33,"Clearcut",1,3041.310546875,11.826416015625,3.77999997138977,14.1300001144409,2205.7900390625,49.1019256160744,336.063649241657,32,0
"22","217961",559881,4904134,35,0,21,NA,NA,NA,NA,NA,NA,NA,NA,3749.04248046875,112.029541015625,3.17000007629395,13.8400001525879,2207.9599609375,26.0047107230818,987.959220726725,200,0
"23","248762",564140,4900868,39,12,22,1504,"USFS","WIL",NA,2006,12,"Clearcut",1,2725.15991210938,6.14013671875,3.79999995231628,14.6700000762939,2001.65002441406,52.1911475056339,1105.2364683283,12,0
"24","252447",563238,4900688,15,0,23,213,"USFS","WIL","BLUE EXTENSION",1981,37,"Clearcut",1,2393.22998046875,48.2099609375,4.03000020980835,14.9899997711182,2019.53002929688,58.5621244284991,682.542131824848,200,0
"25","257002",561524,4903055,19,0,24,136,"USFS","WIL","WEST QUENTIN",1972,46,"Clearcut",2,3282.71069335938,60.94189453125,3.77999997138977,13.9799995422363,2065.40991210938,10.9783184861406,814.834777566188,200,0
"26","258173",565873,4903181,31,0,25,137,"USFS","WIL","WEST CARPENTER",1980,38,"Clearcut",1,3160.55004882812,43.119873046875,3.29999995231628,13.9700002670288,2151.419921875,19.553559978424,1213.01267265525,200,0
"27","268355",560984,4899958,45,0,26,516,"USFS","WIL",NA,1964,54,"Clearcut",2,2218.0107421875,58.439208984375,3.69000005722046,15.7399997711182,2056.59008789062,81.3931974098429,244.389683978695,200,0
"28","268413",562799,4900041,51,0,27,1656,"USFS","WIL","BLUE RIVER FACE",2004,14,"Single-tree selectio",1,2292.13989257812,144.280029296875,4.01999998092651,14.9899997711182,2007.02001953125,50.4633698041279,794.277116377722,200,0
"29","279822",562379,4899571,1,0,28,235,"USFS","WIL","BLUE RIDGE #2",1976,42,"Clearcut",2,2510.7099609375,71.5400390625,4.01999998092651,14.9899997711182,2007.02001953125,63.3581325339584,1038.62609664702,200,0
"30","280500",560510,4899490,16,2,29,NA,NA,NA,NA,NA,NA,NA,NA,2148.68139648438,50.60400390625,3.91000008583069,14.9399995803833,2182.42993164062,4.48746325781065,604.012004042822,2,0
"31","286789",562490,4902253,50,0,30,NA,NA,NA,NA,NA,NA,NA,NA,2344.41040039062,103.14990234375,3.11999988555908,15.1099996566772,2040.59997558594,69.6022172626572,263.734306625858,200,0
"32","287338",559774,4899181,30,0,31,NA,NA,NA,NA,NA,NA,NA,NA,2807.46630859375,78.291748046875,3.45000004768372,14.2200002670288,2211.830078125,40.7473341575109,900.438668978702,200,0
"33","290415",560871,4899062,4,2,32,1373,"USFS","WIL",NA,1964,54,"Clearcut",2,1691.42065429688,74.6639404296875,3.83999991416931,15.6700000762939,2039.78002929688,73.5373262441172,44.2971636743529,2,0
"34","292528",555658,4898898,2,0,33,263,"USFS","WIL","TIDBITS B-205",1962,56,"Clearcut",2,2760.04028320312,52.462890625,4.07999992370605,14.0699996948242,2427.43994140625,27.3817432809222,253.868058306432,200,0
"35","301004",558972,4898571,14,0,34,NA,NA,NA,NA,NA,NA,NA,NA,3155.59741210938,55.98583984375,3.57999992370605,14.1199998855591,2178.3701171875,62.6697940845248,1064.9901037521,200,0
"36","307043",557451,4898268,3,0,35,271,"USFS","WIL",NA,1959,59,"Clearcut",2,1905.13879394531,20.0360107421875,4.19999980926514,15.3000001907349,2151,73.7221849677692,127.425114416771,200,0
"37","335225",558223,4897251,9,0,36,319,"USFS","WIL","COOK RIDGE #1",1972,46,"Clearcut",2,1560.21154785156,55.9698486328125,3.63000011444092,15.3500003814697,2118.82006835938,20.2349074576494,73.0958395878267,200,0
"38","357256",556929,4896398,22,0,37,NA,NA,NA,NA,NA,NA,NA,NA,2976.169921875,113,4.30999994277954,14.5,2111.8701171875,23.5595698048684,377.807372806725,200,0
"39","361840",557666,4896164,5,29,38,1405,"USFS","WIL",NA,1982,36,"Clearcut",1,2779.14990234375,52.280029296875,4.15000009536743,15.0600004196167,2097.78002929688,9.56063958356897,607.429151385844,29,0
"40","364070",556050,4895937,42,0,39,NA,NA,NA,NA,NA,NA,NA,NA,3064.05004882812,0.349853515625,4.17000007629395,14.2600002288818,2167.84008789062,13.3786468110759,538.765887563742,200,0
"41","367193",558504,4895959,16,0,40,NA,NA,NA,NA,NA,NA,NA,NA,1842.44995117188,78.580078125,4.03000020980835,16.0900001525879,2098.17993164062,33.193707093642,310.464211778721,200,0
"42","372502",557908,4895682,30,0,41,NA,NA,NA,NA,NA,NA,NA,NA,2104.23999023438,153.5,4.15000009536743,15.0600004196167,2097.78002929688,35.0710366838308,250.748631332221,200,0
"43","378882",555165,4899252,0,0,42,243,"USFS","WIL","TIDBITS CREEK B-206",1962,56,"Clearcut",2,2830.099609375,55.05126953125,4.07999992370605,14.0699996948242,2427.43994140625,99.8793422014032,183.692452020817,200,0
"45","400605",556330,4894437,21,0,43,410,"USFS","WIL","SCOUT",1976,42,"Clearcut",2,2550.67993164062,12.8701171875,4.3899998664856,14.8199996948242,2040.31994628906,23.1517421362444,473.805799808715,200,0
"46","544292",562144,4894685,0,0,44,841,"USFS","WIL","MILL CREEK",1946,72,"Clearcut",2,2516.06005859375,119.0400390625,3.5699999332428,14.4499998092651,2166.919921875,70.3910450213668,267.376829644382,200,0
"47","593665",565934,4893395,32,0,45,NA,NA,NA,NA,NA,NA,NA,NA,2337.64990234375,132.530029296875,4.21000003814697,14.7700004577637,2220.8798828125,25.1934116363331,598.607904228044,200,0
"48","594580",562613,4893228,27,0,46,1485,"USFS","WIL",NA,1947,71,"Clearcut",2,1751.10998535156,93.510009765625,3.76999998092651,15.7299995422363,1987.22998046875,157.516491474233,95.5707185137894,200,0
"49","601725",561511,4892975,31,0,47,1043,"USFS","WIL","MILL CREEK",1962,56,"Clearcut",2,1749.68005371094,117.309936523438,4.28000020980835,16.6100006103516,1828.77001953125,37.0123645839782,346.099475438835,200,0
"50","622337",564491,4892841,44,22,48,1044,"USFS","WIL",NA,1940,78,"Clearcut",2,1717.77001953125,100.2099609375,4.26000022888184,16.5900001525879,1839.18994140625,65.3432836943443,606.516829866948,22,0
"51","642613",556854,4891361,6,0,49,NA,NA,NA,NA,NA,NA,NA,NA,1412.03002929688,84.199951171875,4.59999990463257,16.7900009155273,1891.48999023438,60.3033737890354,861.565678255214,200,0
"52","647830",559614,4891404,50,0,50,529,"USFS","WIL",NA,1945,73,"Clearcut",2,1554.18994140625,122.980102539062,3.84999990463257,15.7799997329712,1825.19995117188,169.666068759437,706.567097203828,200,0
"53","650846",557731,4891416,1,17,51,NA,NA,NA,NA,NA,NA,NA,NA,1447.16003417969,14.7799072265625,4.11999988555908,16.25,1892.40002441406,120.061410468412,750.330988010833,17,0
"54","652934",558839,4891375,51,0,52,NA,NA,NA,NA,NA,NA,NA,NA,1551.27001953125,109.329956054688,3.88000011444092,15.8699998855591,1841.58996582031,52.6682019109581,772.261463252919,200,0
"55","700226",565579,4892891,14,25,53,1029,"USFS","WIL","AMBUSH",1993,25,"Clearcut",1,1918.52001953125,19.669921875,3.73000001907349,15.7299995422363,1862.22998046875,1.90478618990081,310.248572126424,25,0
"56","700239",563886,4892964,27,25,54,1028,"USFS","WIL","AMBUSH",1993,25,"Clearcut",1,1683.81005859375,24.6199951171875,4.26000022888184,16.5900001525879,1839.18994140625,37.6981644533326,1172.7681701304,25,0
"57","HOBO-014",564348,4896055,23,0,55,NA,NA,NA,NA,NA,NA,NA,NA,3828.27001953125,169.199951171875,3.32999992370605,14.1300001144409,2426.57006835938,33.0454470106995,818.833290886736,200,1
"58","HOBO-016",564936,4897859,34,0,56,301,"USFS","WIL","BLUE RIVER #2",1959,59,"Clearcut",2,2086.98999023438,126.360107421875,3.45000004768372,15.1499996185303,2126.57006835938,64.1162452391145,161.369210506913,200,1
"59","HOBO-032",565553,4895764,11,0,57,369,"USFS","WIL",NA,1957,61,"Clearcut",2,3946.44995117188,63.429931640625,3.53999996185303,14.2399997711182,2494.46997070312,67.8823860226999,1108.53350852103,200,1
"60","HOBO-036",566130,4897238,7,0,58,315,"USFS","WIL",NA,1959,59,"Clearcut",2,2656.03002929688,98.85986328125,4.01999998092651,14.8900003433228,2237.55004882812,45.3065723766677,339.812206698044,200,1
"61","HOBO-040",566188,4896010,33,0,59,NA,NA,NA,NA,NA,NA,NA,NA,3527.86010742188,173.219970703125,3.53999996185303,14.2399997711182,2494.46997070312,212.091903787446,579.791383098711,200,1
"62","HOBO-053",567390,4899042,31,0,60,NA,NA,NA,NA,NA,NA,NA,NA,3057.48999023438,131.260009765625,3.40000009536743,14.1300001144409,2257.05004882812,42.9466276746712,703.124067732243,200,1
"63","HOBO-055",567366,4898430,54,0,61,275,"USFS","WIL",NA,1961,57,"Clearcut",2,2657.09008789062,119.030029296875,3.91000008583069,14.7399997711182,2224.31005859375,123.511680940041,298.435644188645,200,1
"65","HOBO-060",567335,4895070,0,0,62,397,"USFS","WIL","LOOKOUT RIDGE",1962,56,"Clearcut",2,3930.5,66.550048828125,3.25999999046326,14.0699996948242,2688.25,58.5429834427966,637.320643348336,200,1
"66","HOBO-063",567981,4899618,25,0,63,475,"USFS","WIL",NA,1976,42,"Clearcut",2,3417.47998046875,88.22998046875,2.90000009536743,13.7200002670288,2331.60009765625,7.74940949901927,501.033448275151,200,1
"67","HOBO-211",561037,4897206,64,0,64,NA,NA,NA,NA,NA,NA,NA,NA,1598.73999023438,86.0999755859375,3.96000003814697,15.8299999237061,2018.03002929688,85.7012090293359,19.2241305208884,200,1
"68","HOBO-216",569854,4894893,41,0,65,NA,NA,NA,NA,NA,NA,NA,NA,4680.31005859375,95.9697265625,1.86000001430511,12.1099996566772,2633.39990234375,605.702818149566,454.40056745492,200,1
"69","HOBO-233",569588,4895393,6,0,66,NA,NA,NA,NA,NA,NA,NA,NA,4907.52978515625,12.9404296875,1.86000001430511,12.1099996566772,2633.39990234375,774.001786834658,249.226266644445,200,1
"70","HOBO-242",567138,4898028,62,0,67,NA,NA,NA,NA,NA,NA,NA,NA,2408.02001953125,191.22998046875,3.91000008583069,14.7399997711182,2224.31005859375,99.6289790997043,10.5021577198067,200,1
"71","HOBO-265",567002,4902631,52,0,68,NA,NA,NA,NA,NA,NA,NA,NA,4140.47998046875,114.89990234375,2.34999990463257,12.539999961853,2252.55004882812,24.0259187139285,900.910164512247,200,1
"72","HOBO-270",568787,4903060,49,0,69,NA,NA,NA,NA,NA,NA,NA,NA,4568.64013671875,55.080078125,2.64000010490417,12.8599996566772,2336.32006835938,38.430418212274,549.183438988147,200,1
"73","HOBO-273",568187,4903479,55,0,70,NA,NA,NA,NA,NA,NA,NA,NA,5129.1201171875,54.93994140625,2.36999988555908,12.6000003814697,2295.23999023438,314.562636422315,693.514379596184,200,1
"74","HOBO-304",563838,4899204,44,0,71,NA,NA,NA,NA,NA,NA,NA,NA,2243.35009765625,102.47998046875,3.13000011444092,15.210000038147,2050.93994140625,82.8772695289282,338.000443436732,200,1
"75","HOBO-308",565339,4900448,26,0,72,212,"USFS","WIL",NA,1953,65,"Clearcut",2,2599.68994140625,99.820068359375,3.58999991416931,14.5100002288818,2053.75,37.6261456462886,29.702650842586,200,1
"76","HOBO-310",566024,4900657,13,0,73,198,"USFS","WIL","SNOWBRUSH",1982,36,"Clearcut",1,2802.36010742188,85.06982421875,3.58999991416931,14.539999961853,2137.42993164062,36.8295115708504,237.349953754046,200,1
"77","HOBO-312",566217,4901289,35,0,74,NA,NA,NA,NA,NA,NA,NA,NA,3017.6298828125,58.420166015625,3.04999995231628,13.8900003433228,2197.8798828125,119.590010966341,322.878211208284,200,1
"78","HOBO-315",565074,4901371,56,0,75,NA,NA,NA,NA,NA,NA,NA,NA,3113.830078125,187.119873046875,3.46000003814697,14.3800001144409,2008.75,98.9237906114221,524.494427467921,200,1
"79","HOBO-317",565908,4901747,63,0,76,NA,NA,NA,NA,NA,NA,NA,NA,3135.76000976562,158.139892578125,3.05999994277954,13.9099998474121,2165.8701171875,56.0752535147527,211.135424698417,200,1
"80","HOBO-331",570773,4896057,44,0,77,NA,NA,NA,NA,NA,NA,NA,NA,3658.36010742188,93.43994140625,3.04999995231628,13.8599996566772,2629.84008789062,56.9630623812033,41.4949208071286,200,1
"81","HOBO-333",570482,4895447,34,0,78,NA,NA,NA,NA,NA,NA,NA,NA,4128.43017578125,62.83984375,3.04999995231628,13.1099996566772,2670.92993164062,22.594292926056,132.188174979073,200,1
"82","HOBO-335",561569,4897314,37,0,79,535,"USFS","WIL","BLUE RIVER #1",1950,68,"Clearcut",2,1893.43994140625,111.220092773438,3.6800000667572,15.4300003051758,2069.97998046875,60.599663380919,257.800341549796,200,1
"83","HOBO-341",562271,4896245,43,0,80,NA,NA,NA,NA,NA,NA,NA,NA,2576.31005859375,22.280029296875,4.17000007629395,14.5699996948242,2220.06005859375,44.8744165149534,222.111412390035,200,1
"84","HOBO-345",563166,4896161,45,0,81,NA,NA,NA,NA,NA,NA,NA,NA,3384.93994140625,147.02001953125,3.63000011444092,14.3800001144409,2334.9599609375,46.3184508902445,228.450307238148,200,1
"85","HOBO-347",561126,4895741,16,0,82,386,"USFS","WIL",NA,1963,55,"Clearcut",2,2464.3798828125,108.490234375,4.17000007629395,15.0799999237061,2006.2099609375,175.181118154897,1075.91444433301,200,1
"86","HOBO-349",562728,4897662,58,0,83,NA,NA,NA,NA,NA,NA,NA,NA,1845.18005371094,121.75,3.54999995231628,15.2700004577637,2121.7900390625,15.4060273686158,304.545929640979,200,1
"87","HOBO-351",562061,4895889,49,0,84,NA,NA,NA,NA,NA,NA,NA,NA,2912.27001953125,32.739990234375,4.07999992370605,14.8699998855591,2075.419921875,12.8560031029966,585.036291192951,200,1
"88","HOBO-353",561562,4895681,38,0,85,361,"USFS","WIL",NA,1963,55,"Clearcut",2,2796.8798828125,79.27001953125,4.07999992370605,14.8699998855591,2075.419921875,12.7586282513576,1113.94723953069,200,1
"89","HOBO-357",562662,4895810,45,0,86,376,"USFS","WIL",NA,1959,59,"Clearcut",2,2856.77001953125,85.090087890625,4.17000007629395,14.5699996948242,2220.06005859375,20.7615827650314,253.2359115929,200,1
"90","SM-01",564995,4898345,59,0,87,NA,NA,NA,NA,NA,NA,NA,NA,2163.93994140625,31.530029296875,3.45000004768372,15.1499996185303,2126.57006835938,228.947734526078,326.268473511354,200,1
"91","SM-02",564907,4899864,61,0,88,NA,NA,NA,NA,NA,NA,NA,NA,2303.80004882812,101.06005859375,3.85999989509583,14.8100004196167,2034.59997558594,181.638675993059,211.235752558833,200,1
"92","SM-03",563938,4897565,77,0,89,NA,NA,NA,NA,NA,NA,NA,NA,2184.5,120.590087890625,4.05999994277954,14.8599996566772,2224.18994140625,315.868573261166,514.811470015825,200,1
"93","SM-04",564940,4900947,47,0,90,NA,NA,NA,NA,NA,NA,NA,NA,2836.32006835938,31.27001953125,3.58999991416931,14.5100002288818,2053.75,272.51147411606,415.731454699653,200,1
"94","SM-05",567847,4898820,43,0,91,NA,NA,NA,NA,NA,NA,NA,NA,3061.92993164062,162.150146484375,3.44000005722046,14.1199998855591,2292.919921875,188.539992479879,216.891765545627,200,1
"95","SM-06",567142,4897225,55,0,92,NA,NA,NA,NA,NA,NA,NA,NA,2747.57006835938,36.349853515625,3.82999992370605,14.6099996566772,2316.94995117188,263.433964048921,644.274430473535,200,1
"96","SM-07",566619,4899441,85,0,93,NA,NA,NA,NA,NA,NA,NA,NA,3521.0400390625,114.199951171875,3.26999998092651,14.039999961853,2200.35009765625,659.797279072006,1021.15169235212,200,1
"97","SM-08",567858,4902066,83,0,94,NA,NA,NA,NA,NA,NA,NA,NA,3713.07006835938,42.079833984375,2.76999998092651,13.6800003051758,2297.31005859375,234.898274072726,130.551407994713,200,1
"98","SM-09",568249,4900325,63,0,95,NA,NA,NA,NA,NA,NA,NA,NA,4113.43994140625,24.0302734375,2.8199999332428,13.4799995422363,2285.30004882812,308.843197777476,726.323971652615,200,1
"99","SM-PG",560282,4896168,81,0,96,NA,NA,NA,NA,NA,NA,NA,NA,1534.72998046875,198.010009765625,3.96000003814697,15.8699998855591,2031.43005371094,65.5201514319583,199.280161321925,200,1
