Sample	r_processed	r_with_adapters	bp_processed	quality_trimmed	percent_trimmed	bp_written
076361-M1-S1_BDSW190602952-1a_1	30030234	11533707	4504535100	11265823	0.619125867173285	4476646358
076361-M1-S1_BDSW190602952-1a_2	30030234	11410604	4504535100	16247145	0.7550573198996718	4470523278
076361-M1-S2_BDSW190602953-1a_1	27214195	10645446	4082129250	5613038	0.48686385910000274	4062254838
076361-M1-S2_BDSW190602953-1a_2	27214195	10641921	4082129250	7161033	0.5317865180285509	4060421037
081090-M1-S1_BDSW190602954-1a_1	25794426	9817442	3869163900	8989734	0.6092199919470974	3845592180
081090-M1-S1_BDSW190602954-1a_2	25794426	9687891	3869163900	11429827	0.6921947917481605	3842381749
081090-M1-S2_BDSW190602955-1a_1	28449958	10772557	4267493700	7627320	0.6016067932332273	4241820168
081090-M1-S2_BDSW190602955-1a_2	28449958	10619580	4267493700	14840074	0.807685410291291	4233025776
123545-M1-S1_BDSW190602956-1a_1	25275902	9650189	3791385300	6846374	0.5471371374468325	3770641223
123545-M1-S1_BDSW190602956-1a_2	25275902	9632766	3791385300	7577464	0.5767495326840034	3769518503
123545-M1-S2_BDSW190602957-1a_1	30830625	12090410	4624593750	9125186	0.5700773824727847	4598229987
123545-M1-S2_BDSW190602957-1a_2	30830625	11954282	4624593750	13816716	0.6896455931939968	4592700443
124031-M1-S1_BDSW190602958-1a_1	28614422	11044346	4292163300	8347758	0.5429063241838912	4268860874
124031-M1-S1_BDSW190602958-1a_2	28614422	11015651	4292163300	10216046	0.5937044380394381	4266680536
124031-M1-S2_BDSW190602959-1a_1	25706883	9792447	3856032450	10083653	0.750365132430356	3827098127
124031-M1-S2_BDSW190602959-1a_2	25706883	9598470	3856032450	15399263	0.9555050813952564	3819187864
124031-M2-S1_BDSW190602960-1a_1	29131020	11282728	4369653000	10341262	0.6318277904446875	4342044318
124031-M2-S1_BDSW190602960-1a_2	29131020	11161667	4369653000	13686538	0.7283523886221629	4337826528
124031-M2-S2_BDSW190602961-1a_1	26467013	10104595	3970051950	8537444	0.6234681639367465	3945299940
124031-M2-S2_BDSW190602961-1a_2	26467013	10060440	3970051950	11049851	0.6997393573149591	3942271934
128101-M1-S1_BDSW190602962-1a_1	30524721	11591108	4578708150	16205439	0.8173977631660145	4541281892
128101-M1-S1_BDSW190602962-1a_2	30524721	11436186	4578708150	17503025	0.8566468469932944	4539484791
128101-M1-S2_BDSW190602963-1a_1	27560497	10514867	4134074550	9435501	0.634875585395527	4107828320
128101-M1-S2_BDSW190602963-1a_2	27560497	10351604	4134074550	14057363	0.7704837833657354	4102222176
129276-M1-S1_BDSW190602964-1a_1	25289035	9602931	3793355250	9945976	0.6727722377175194	3767834609
129276-M1-S1_BDSW190602964-1a_2	25289035	9548159	3793355250	11533438	0.723142605744611	3765923882
129276-M1-S2_BDSW190602965-1a_1	28959467	11012026	4343920050	6183982	0.5160999912970313	4321501079
129276-M1-S2_BDSW190602965-1a_2	28959467	10968188	4343920050	8301669	0.5718757415896731	4319078225
130101-M1-S1_BDSW190602966-1a_1	27797848	10636507	4169677200	13708040	0.7570562776418279	4138110397
130101-M1-S1_BDSW190602966-1a_2	27797848	10465435	4169677200	15675633	0.8235533196670477	4135337685
130101-M1-S2_BDSW190602967-1a_1	29367890	11145325	4405183500	7525582	0.5310387637654594	4381790268
130101-M1-S2_BDSW190602967-1a_2	29367890	11019876	4405183500	9702886	0.5947892068514286	4378981944
130102-M1-S1_BDSW190602968-1a_1	27283069	10443338	4092460350	13021963	0.7843133043427042	4060362639
130102-M1-S1_BDSW190602968-1a_2	27283069	10306311	4092460350	15208713	0.8681603476011687	4056931232
130102-M1-S2_BDSW190602969-1a_1	29464331	11327707	4419649650	10492663	0.6664663114190511	4390194174
130102-M1-S2_BDSW190602969-1a_2	29464331	11142170	4419649650	15801836	0.8105191324384728	4383827544
130102-M2-S1_BDSW190602970-1a_1	31774027	12130466	4766104050	12394551	0.6586323477348338	4734712947
130102-M2-S1_BDSW190602970-1a_2	31774027	11984771	4766104050	15859355	0.7466500233036246	4730517933
131067-M1-S1_BDSW190602971-1a_1	26809783	10212042	4021467450	11451913	0.7309224397676027	3992073642
131067-M1-S1_BDSW190602971-1a_2	26809783	10081192	4021467450	14688628	0.8461396100570203	3987440221
131067-M1-S2_BDSW190602972-1a_1	24769557	9597497	3715433550	11644838	0.7798063297350588	3686460364
131067-M1-S2_BDSW190602972-1a_2	24769557	9434580	3715433550	15361039	0.92429119072793	3681092125
134101-M1-S1_BDSW190602973-1a_1	30472040	11552347	4570806000	8944076	0.5805434971425171	4544270483
134101-M1-S1_BDSW190602973-1a_2	30472040	11428176	4570806000	11260283	0.658148169053773	4540723324
134101-M1-S2_BDSW190602974-1a_1	23885574	9047818	3582836100	5638407	0.5414099461596917	3563438269
134101-M1-S2_BDSW190602974-1a_2	23885574	9028781	3582836100	6358818	0.5822968848616882	3561973357
134101-M2-S1_BDSW190602975-1a_1	26399910	10034289	3959986500	8093796	0.5931425523799134	3936498135
134101-M2-S1_BDSW190602975-1a_2	26399910	9918082	3959986500	9778416	0.6624828645249169	3933752268
135431-M1-S1_BDSW190602976-1a_1	29966805	11153812	4495020750	7865502	0.5140479273649626	4471914189
135431-M1-S1_BDSW190602976-1a_2	29966805	11043469	4495020750	11221261	0.5942540754678385	4468308906
135431-M1-S2_BDSW190602977-1a_1	26322488	10014893	3948373200	11386326	0.7347074739540832	3919364207
135431-M1-S2_BDSW190602977-1a_2	26322488	9876527	3948373200	16143554	0.8918944896090371	3913157877
146764-M1-S1-1_BDSW190602979-1a_1	25276178	9611503	3791426700	10881454	0.7992842905284178	3761122422
146764-M1-S1-1_BDSW190602979-1a_2	25276178	9424211	3791426700	19548305	1.0651679748945166	3751041637
146764-M1-S1_BDSW190602978-1a_1	29975361	11397288	4496304150	11372056	0.6566081611716592	4466781050
146764-M1-S1_BDSW190602978-1a_2	29975361	11248007	4496304150	14669416	0.754462128635137	4462381238
146764-M1-S2_BDSW190602980-1a_1	24102262	9105594	3615339300	7393490	0.6215916995674513	3592866651
146764-M1-S2_BDSW190602980-1a_2	24102262	9017710	3615339300	10450302	0.7332304605545599	3588830531
150732-M1-S1_BDSW190602981-1a_1	30589548	11788390	4588432200	16017575	0.7873653881166642	4552304473
150732-M1-S1_BDSW190602981-1a_2	30589548	11584610	4588432200	18625386	0.8679570987231761	4548606577
150732-M1-S2_BDSW190602982-1a_1	25786946	9861441	3868041900	10089723	0.6904661761807699	3841334379
150732-M1-S2_BDSW190602982-1a_2	25786946	9711062	3868041900	14333909	0.8315881997038347	3835875720
150732-M2-S1_BDSW190602983-1a_1	23770820	9075962	3565623000	16928278	1.059211111213945	3527855525
150732-M2-S1_BDSW190602983-1a_2	23770820	8897211	3565623000	23477539	1.2904954898484782	3519608796
150732-M2-S2_BDSW190602984-1a_1	26728991	10155156	4009348650	7134802	0.5604260183259443	3986879217
150732-M2-S2_BDSW190602984-1a_2	26728991	10108971	4009348650	9616208	0.6339788384330208	3983930228
150801-M1-S1_BDSW190602985-1a_1	30655134	11648062	4598270100	8006703	0.543185621044749	4573292958
150801-M1-S1_BDSW190602985-1a_2	30655134	11447554	4598270100	9938087	0.6006852664005101	4570648969
150801-M1-S2_BDSW190602986-1a_1	27069652	10279926	4060447800	10685638	0.6872218625738766	4032543515
150801-M1-S2_BDSW190602986-1a_2	27069652	10215070	4060447800	12625514	0.7433486030777197	4030264518
150801-M2-S1_BDSW190602987-1a_1	27164782	10432309	4074717300	12633512	0.6937729397816138	4046448014
150801-M2-S1_BDSW190602987-1a_2	27164782	10261990	4074717300	15542402	0.7827701322985032	4042821630
150801-M2-S2_BDSW190602988-1a_1	29922038	11393028	4488305700	13746271	0.7476061846678581	4454750849
150801-M2-S2_BDSW190602988-1a_2	29922038	11252181	4488305700	17344647	0.8582160970007012	4449786338
150802-M1-S1_BDSW190602989-1a_1	26368597	9966323	3955289550	9269271	0.6322002645798712	3930284199
150802-M1-S1_BDSW190602989-1a_2	26368597	9843822	3955289550	10871026	0.6960635031131918	3927758223
150802-M1-S2_BDSW190602990-1a_1	24693452	9342263	3704017800	7165471	0.5886480621124445	3682214171
150802-M1-S2_BDSW190602990-1a_2	24693452	9259822	3704017800	10555415	0.7050431831078133	3677902875
155365-M1-S1_BDSW190602991-1a_1	25879573	9876562	3881935950	8200925	0.6434864799868736	3856956217
155365-M1-S1_BDSW190602991-1a_2	25879573	9706414	3881935950	9982520	0.7267371322806085	3853724480
155365-M1-S2_BDSW190602992-1a_1	29921204	11816187	4488180600	10909696	0.6268856025980772	4460044842
155365-M1-S2_BDSW190602992-1a_2	29921204	11709310	4488180600	16008572	0.7625227692486349	4453957201
159408-M1-S1_BDSW190602993-1a_1	25954579	9869118	3893186850	11155191	0.7051786892786819	3865732926
159408-M1-S1_BDSW190602993-1a_2	25954579	9764113	3893186850	13836362	0.8070280007238799	3861767742
159408-M1-S2_BDSW190602994-1a_1	29483657	11302181	4422548550	9979454	0.6381507558577282	4394326023
159408-M1-S2_BDSW190602994-1a_2	29483657	11176960	4422548550	14634822	0.7776571949673678	4388156283
159408-M2-S1_BDSW190602995-1a_1	27299382	10453321	4094907300	10780533	0.6672441400566016	4067584271
159408-M2-S1_BDSW190602995-1a_2	27299382	10335605	4094907300	14131681	0.7736836435833359	4063225672
159408-M2-S2_BDSW190602996-1a_1	26927787	10602914	4039168050	10072562	0.6623442171463998	4012414854
159408-M2-S2_BDSW190602996-1a_2	26927787	10350140	4039168050	18488912	0.9009269371696481	4002778097
161191-M1-S1_BDSW190602997-1a_1	28620411	10784872	4293061650	8798779	0.5823755873619938	4268059907
161191-M1-S1_BDSW190602997-1a_2	28620411	10758469	4293061650	13972719	0.7122583715982742	4262483959
161191-M2-S2_BDSW190602998-1a_1	29404092	11118683	4410613800	7900043	0.5471813923041732	4386479742
161191-M2-S2_BDSW190602998-1a_2	29404092	11082218	4410613800	9386032	0.5898581508088512	4384597435
179439-M1-S1_BDSW190602999-1a_1	26955222	10178590	4043283300	10119523	0.646239727995315	4017153997
179439-M1-S1_BDSW190602999-1a_2	26955222	10096862	4043283300	10584752	0.662804186884456	4016484249
179439-M1-S2_BDSW190603000-1a_1	33609200	12783575	5041380000	9620734	0.5811238787792231	5012083337
179439-M1-S2_BDSW190603000-1a_2	33609200	12724663	5041380000	12816651	0.6499831395371902	5008611880
207446-M1-S1_BDSW190603001-1a_1	23069938	8831122	3460490700	17003123	1.0474124955746882	3424245088
207446-M1-S1_BDSW190603001-1a_2	23069938	8592002	3460490700	20503955	1.1778175274391	3419732434
207746-M1-S2_BDSW190603002-1a_1	28022353	10783209	4203352950	9720413	0.6705169976268588	4175168754
207746-M1-S2_BDSW190603002-1a_2	28022353	10633252	4203352950	15112776	0.8270172030164634	4168590498
207746-M2-S1_BDSW190603003-1a_1	31924024	12063348	4788603600	15661064	0.8368672027895565	4748529347
207746-M2-S1_BDSW190603003-1a_2	31924024	12001854	4788603600	17871162	0.9120597077611519	4744928676
207746-M2-S2_BDSW190603004-1a_1	33441695	12758212	5016254250	9801470	0.6792635161983666	4982180665
207746-M2-S2_BDSW190603004-1a_2	33441695	12725412	5016254250	13492176	0.7971623647266285	4976266559
217961-M1-S1_BDSW190603005-1a_1	31576640	12176644	4736496000	10740620	0.6374535732744206	4706303037
217961-M1-S1_BDSW190603005-1a_2	31576640	12143470	4736496000	11741205	0.6759716043252227	4704478632
217961-M1-S2_BDSW190603006-1a_1	24634921	9833004	3695238150	8068471	0.6322092934659705	3671876511
217961-M1-S2_BDSW190603006-1a_2	24634921	9851848	3695238150	10005737	0.7032219019496754	3669252426
248762-M1-S1_BDSW190603007-1a_1	31103048	11808082	4665457200	7708177	0.5821771551135438	4638295974
248762-M1-S1_BDSW190603007-1a_2	31103048	11787031	4665457200	8211949	0.6160311791093057	4636716529
248762-M1-S2_BDSW190603008-1a_1	28482381	10987652	4272357150	6109067	0.5374866892857962	4249393799
248762-M1-S2_BDSW190603008-1a_2	28482381	10976735	4272357150	6934999	0.5763455660536245	4247733609
248762-M2-S1_BDSW190603009-1a_1	29919543	11359402	4487931450	7807949	0.5852578474655623	4461665479
248762-M2-S1_BDSW190603009-1a_2	29919543	11333286	4487931450	8075122	0.6162484723335069	4460274641
248762-M2-S2_BDSW190603010-1a_1	26713963	10059619	4007094450	7599782	0.6286608742152309	3981903415
248762-M2-S2_BDSW190603010-1a_2	26713963	10049561	4007094450	9418264	0.7132453042128817	3978514037
252447-M1-S1_BDSW190603011-1a_1	32085534	12089995	4812830100	9458626	0.6239143368056977	4782802163
252447-M1-S1_BDSW190603011-1a_2	32085534	12089179	4812830100	11283240	0.6857703537051931	4779825138
252447-M1-S2_BDSW190603012-1a_1	31497172	11887562	4724575800	9351658	0.6103630086747682	4695738737
252447-M1-S2_BDSW190603012-1a_2	31497172	11868167	4724575800	10279499	0.6453669554841305	4694084949
252447-M2-S1-1_BDSW190603014-1a_1	30758299	11789009	4613744850	12305391	0.6781938103924408	4582454718
252447-M2-S1-1_BDSW190603014-1a_2	30758299	11738893	4613744850	12512369	0.7006824835577979	4581417148
252447-M2-S2_BDSW190603015-1a_1	29544883	11176424	4431732450	6592916	0.545719924947184	4407547603
252447-M2-S2_BDSW190603015-1a_2	29544883	11156993	4431732450	8217837	0.6005390284785806	4405118167
257002-M1-S1_BDSW190603016-1a_1	32524148	12376235	4878622200	16340759	0.8495977614335457	4837173535
257002-M1-S1_BDSW190603016-1a_2	32524148	12305690	4878622200	16935956	0.8919214322437183	4835108723
257002-M1-S2_BDSW190603017-1a_1	32704408	12303551	4905661200	6407242	0.5197356882289385	4880164728
257002-M1-S2_BDSW190603017-1a_2	32704408	12286876	4905661200	8245216	0.5721644413601168	4877592751
258173-M1-S1_BDSW190603018-1a_1	33971775	12869488	5095766250	15185826	0.7732426894581359	5056363610
258173-M1-S1_BDSW190603018-1a_2	33971775	12837897	5095766250	16407356	0.8194366647018003	5054009673
258173-M1-S2_BDSW190603019-1a_1	23824929	8936124	3573739350	10876171	0.7873975476135381	3545599814
258173-M1-S2_BDSW190603019-1a_2	23824929	8960608	3573739350	12324077	0.8618924880461694	3542937559
258355-M2-S1_BDSW190603020-1a_1	28906048	10992346	4335907200	9491885	0.6843326582266336	4306235171
258355-M2-S1_BDSW190603020-1a_2	28906048	10963544	4335907200	11209427	0.7503237846049842	4303373857
268355-M1-S1_BDSW190603021-1a_1	47067729	17852179	7060159350	10280138	0.557733445492275	7020782480
268355-M1-S1_BDSW190603021-1a_2	47067729	17801647	7060159350	15564639	0.6555283203345829	7013878006
268355-M1-S2_BDSW190603022-1a_1	25760062	9864027	3864009300	6028201	0.5764370960494324	3841735717
268355-M1-S2_BDSW190603022-1a_2	25760062	9828806	3864009300	7318453	0.6361460103111035	3839428559
268355-M2-S2_BDSW190603023-1a_1	30333305	11519553	4549995750	9057660	0.6396450370310786	4520891928
268355-M2-S2_BDSW190603023-1a_2	30333305	11506046	4549995750	12077505	0.7327096294540495	4516657493
268413-M1-S1_BDSW190603024-1a_1	31217030	11764486	4682554500	13980353	0.8090221694162877	4644671596
268413-M1-S1_BDSW190603024-1a_2	31217030	11688630	4682554500	14816889	0.8520698904839228	4642655863
268413-M1-S2_BDSW190603025-1a_1	31365715	12000521	4704857250	9207800	0.6426619851218652	4674620921
268413-M1-S2_BDSW190603025-1a_2	31365715	11972421	4704857250	11375746	0.7145594906200395	4671238246
279822-M1-S1_BDSW190603026-1a_1	34552637	13332128	5182895550	12720428	0.6612282587867317	5148624780
279822-M1-S1_BDSW190603026-1a_2	34552637	13154712	5182895550	15435189	0.7215725194384826	5145497200
279822-M1-S2_BDSW190603027-1a_1	35427322	13531466	5314098300	14111671	0.7031040807054698	5276734658
279822-M1-S2_BDSW190603027-1a_2	35427322	13456832	5314098300	14755654	0.7378687744635811	5274887228
280500-M1-S1_BDSW190603028-1a_1	35453877	13385040	5318081550	9181854	0.5912630655315919	5286637698
280500-M1-S1_BDSW190603028-1a_2	35453877	13356603	5318081550	11048018	0.6466681203863826	5283691212
280500-M1-S2_BDSW190603029-1a_1	31871248	12065574	4780687200	9016854	0.6345747950211008	4750350164
280500-M1-S2_BDSW190603029-1a_2	31871248	12051468	4780687200	11557392	0.7149599329569188	4746507202
286789-M1-S1_BDSW190603030-1a_1	25413474	9587379	3812021100	7645792	0.6134427220248073	3788636534
286789-M1-S1_BDSW190603030-1a_2	25413474	9580909	3812021100	9125864	0.6682360441289268	3786547801
286789-M1-S2_BDSW190603031-1a_1	26454502	10089432	3968175300	7245770	0.6440792572848281	3942617106
286789-M1-S2_BDSW190603031-1a_2	26454502	10061831	3968175300	9432953	0.725846083463097	3939372455
287338-M1-S1_BDSW190603032-1a_1	26541391	10314816	3981208650	14369947	0.770700701657523	3950525447
287338-M1-S1_BDSW190603032-1a_2	26541391	10244270	3981208650	12322592	0.7352635235533309	3951936275
287338-M1-S2_BDSW190603033-1a_1	26657508	10247264	3998626200	7152203	0.636662136610819	3973168461
287338-M1-S2_BDSW190603033-1a_2	26657508	10228695	3998626200	8742893	0.6986635059811291	3970689258
292528-M1-S1_BDSW190603034-1a_1	27196063	10225166	4079409450	26927709	1.5247979091679555	4017206700
292528-M1-S1_BDSW190603034-1a_2	27196063	9988475	4079409450	25879714	1.525622906031166	4017173045
292528-M1-S2_BDSW190603035-1a_1	32536828	12310507	4880524200	10471483	0.6320441357508277	4849677133
292528-M1-S2_BDSW190603035-1a_2	32536828	12276249	4880524200	12274369	0.6853050539120368	4847077721
301004-M1-S1_BDSW190603036-1a_1	35487086	13570571	5323062900	14659721	0.7276109775069537	5284331710
301004-M1-S1_BDSW190603036-1a_2	35487086	13526913	5323062900	15220828	0.7707574336572277	5282034997
301004-M1-S2_BDSW190603037-1a_1	26058817	9821194	3908822550	5741481	0.5400745040216778	3887711996
301004-M1-S2_BDSW190603037-1a_2	26058817	9824095	3908822550	6874311	0.5908579298387439	3885726962
301004-M2-S1_BDSW190603038-1a_1	26376062	10015200	3956409300	10738458	0.7347173357417798	3927340875
301004-M2-S1_BDSW190603038-1a_2	26376062	9995920	3956409300	12003504	0.792353435222185	3925060555
301004-M2-S2_BDSW190603039-1a_1	25868677	9690221	3880301550	6049572	0.5655130333878304	3858357939
301004-M2-S2_BDSW190603039-1a_2	25868677	9677125	3880301550	7219026	0.6262512767854344	3856001112
307043-M1-S1_BDSW190603040-1a_1	29383259	11247897	4407488850	11132181	0.7028903544475217	4376509036
307043-M1-S1_BDSW190603040-1a_2	29383259	11209154	4407488850	11525541	0.732740276813179	4375193404
307043-M1-S2_BDSW190603041-1a_1	26228891	9960231	3934333650	7202417	0.6396287716980993	3909168520
307043-M1-S2_BDSW190603041-1a_2	26228891	9931382	3934333650	8953092	0.7072974860685748	3906506207
335225-M1-S2_BDSW190603042-1a_1	29721566	11303635	4458234900	7380504	0.590147347327975	4431924745
335225-M1-S2_BDSW190603042-1a_2	29721566	11290886	4458234900	10100521	0.6695749925603965	4428383674
357256-M1-S1_BDSW190603043-1a_1	33338751	12583019	5000812650	7715205	0.573333436116628	4972141319
357256-M1-S1_BDSW190603043-1a_2	33338751	12519716	5000812650	10886424	0.6651291965516845	4967550785
357256-M1-S2_BDSW190603044-1a_1	25748224	9713746	3862233600	6430610	0.5648475276068232	3840417869
357256-M1-S2_BDSW190603044-1a_2	25748224	9688628	3862233600	6923800	0.5992315690071155	3839089877
357256-M2-S1_BDSW190603045-1a_1	27190170	10186978	4078525500	20426126	1.2833994785615537	4026181725
357256-M2-S1_BDSW190603045-1a_2	27190170	10130483	4078525500	26840638	1.459471688971909	4019000575
357256-M2-S2_BDSW190603046-1a_1	29536667	11325611	4430500050	7245936	0.620148463828592	4403024372
357256-M2-S2_BDSW190603046-1a_2	29536667	11269623	4430500050	11670591	0.7580993481762854	4396912458
361840-M1-S1_BDSW190603047-1a_1	26294788	9933727	3944218200	11432606	0.8584275078899032	3910359946
361840-M1-S1_BDSW190603047-1a_2	26294788	9827244	3944218200	15583408	1.0080021941990938	3904460394
361840-M1-S2_BDSW190603048-1a_1	23892614	9177391	3583892100	6090364	0.6116203665841391	3561972286
361840-M1-S2_BDSW190603048-1a_2	23892614	9135439	3583892100	8079430	0.6862838588248792	3559296427
364070-M1-S1_BDSW190603049-2a_1	30122081	11274707	4518312150	10801255	0.7668160996800542	4483665005
364070-M1-S1_BDSW190603049-2a_2	30122081	11193244	4518312150	13851259	0.8654267501195109	4479209468
364070-M1-S2_BDSW190603050-1a_1	32937194	12447044	4940579100	8323137	0.5587711570086996	4912972569
364070-M1-S2_BDSW190603050-1a_2	32937194	12422477	4940579100	9763262	0.6123025942444682	4910327806
367193-M1-S1_BDSW190603051-1a_1	27568661	10391477	4135299150	11452472	0.6766503942042501	4107317632
367193-M1-S1_BDSW190603051-1a_2	27568661	10325966	4135299150	11109523	0.690519185292798	4106744116
367193-M1-S2_BDSW190603052-1a_1	31854266	12232592	4778139900	7703296	0.6029543630566363	4749329897
367193-M1-S2_BDSW190603052-1a_2	31854266	12164623	4778139900	10859551	0.6892729323392143	4745205475
372502-M1-S1_BDSW190603053-1a_1	24515609	9285107	3677341350	7690119	0.6585646991949768	3653123678
372502-M1-S1_BDSW190603053-1a_2	24515609	9226994	3677341350	7988749	0.6910707922178614	3651928318
372502-M1-S2_BDSW190603054-1a_1	28771258	11066140	4315688700	7008543	0.6252142560699524	4288706399
372502-M1-S2_BDSW190603054-1a_2	28771258	10993812	4315688700	11964340	0.7672156010696508	4282578063
372502-M2-S1_BDSW190603055-1a_1	26013769	10000796	3902065350	6204062	0.532903222648488	3881271118
372502-M2-S1_BDSW190603055-1a_2	26013769	9987971	3902065350	6274690	0.5472975997185696	3880709440
378882-M1-S1_BDSW190603056-1a_1	25845734	9863764	3876860100	12322526	0.8349167409987273	3844491546
378882-M1-S1_BDSW190603056-1a_2	25845734	9772236	3876860100	13391731	0.8852471101549421	3842540308
378882-M1-S2-1_BDSW190603058-1a_1	26368271	9969374	3955240650	7931445	0.6532851800054189	3929401649
378882-M1-S2-1_BDSW190603058-1a_2	26368271	9877881	3955240650	10315667	0.7357875683240664	3926138481
378882-M1-S2_BDSW190603057-1a_1	27258796	10366879	4088819400	14607439	1.0359891904249916	4046459673
378882-M1-S2_BDSW190603057-1a_2	27258796	10264641	4088819400	19608649	1.1864355026294386	4040308195
378882-M2-S1_BDSW190603059-1a_1	27423398	10340558	4113509700	11374847	0.7975524647480472	4080702302
378882-M2-S1_BDSW190603059-1a_2	27423398	10248022	4113509700	13399434	0.8692410522333277	4077753385
400605-M1-S1_BDSW190603060-1a_1	32846178	12433457	4926926700	11737552	0.6733533096808605	4893751076
400605-M1-S1_BDSW190603060-1a_2	32846178	12390156	4926926700	13853623	0.735080085522685	4890709843
400605-M1-S2_BDSW190603061-1a_1	27142515	10248708	4071377250	6455783	0.5423332362531622	4049296818
400605-M1-S2_BDSW190603061-1a_2	27142515	10205460	4071377250	7684330	0.589375818710978	4047381537
544292-M1-S1_BDSW190603062-1a_1	31661732	12063515	4749259800	9435769	0.60236826799831	4720651766
544292-M1-S1_BDSW190603062-1a_2	31661732	12054101	4749259800	11444789	0.6643256702865571	4717709248
544292-M1-S2_BDSW190603063-1a_1	31029421	11835762	4654413150	17854435	0.8575686711438584	4614498361
544292-M1-S2_BDSW190603063-1a_2	31029421	11778519	4654413150	18978717	0.8981354609656859	4612610215
593665-M1-S2_BDSW190603064-2a_1	27495933	10555309	4124389950	8830820	0.6341252722720847	4098236151
593665-M1-S2_BDSW190603064-2a_2	27495933	10476881	4124389950	10538149	0.6987914661173102	4095569065
594580-M1-S1_BDSW190603065-2a_1	30827667	11741118	4624150050	8309536	0.5878929901939492	4596964996
594580-M1-S1_BDSW190603065-2a_2	30827667	11727995	4624150050	10607240	0.6558349896106853	4593823256
594580-M1-S2_BDSW190603066-2a_1	28535364	10946179	4280304600	7492619	0.5630518444878899	4256204266
594580-M1-S2_BDSW190603066-2a_2	28535364	10933208	4280304600	9274124	0.6216255497330727	4253697133
601725-M1-S1_BDSW190603067-2a_1	29918647	11327466	4487797050	9272270	0.6489429596643637	4458673807
601725-M1-S1_BDSW190603067-2a_2	29918647	11306018	4487797050	11174831	0.7188671555457259	4455535751
601725-M1-S2_BDSW190603068-2a_1	26397181	9998556	3959577150	5587370	0.5619083593307432	3937327955
601725-M1-S2_BDSW190603068-2a_2	26397181	9973002	3959577150	8300915	0.666451946769114	3933188471
601725-M2-S1_BDSW190603069-1a_1	29416562	11123331	4412484300	15843650	0.8984296216079454	4372841234
601725-M2-S1_BDSW190603069-1a_2	29416562	11054632	4412484300	17982778	0.9606946363525871	4370093800
601725-M2-S2_BDSW190603070-2a_1	24996364	9549374	3749454600	4618903	0.5426890887010607	3729106719
601725-M2-S2_BDSW190603070-2a_2	24996364	9510938	3749454600	6616204	0.6172768967518636	3726310083
622337-M1-S1_BDSW190603071-2a_1	31477295	11937974	4721594250	7003038	0.558743225341737	4695212662
622337-M1-S1_BDSW190603071-2a_2	31477295	11956719	4721594250	8719004	0.6131260431791655	4692644926
622337-M1-S2_BDSW190603072-1a_1	32850878	12441169	4927631700	8067096	0.6137723929326943	4897387257
622337-M1-S2_BDSW190603072-1a_2	32850878	12489701	4927631700	10982355	0.7118720134867222	4892553269
642613-M1-S1_BDSW190603073-1a_1	23207262	8849354	3481089300	10475000	0.8506306057704409	3451478089
642613-M1-S1_BDSW190603073-1a_2	23207262	8778390	3481089300	11587279	0.9223385622425716	3448981871
642613-M1-S2_BDSW190603074-2a_1	23087320	8716733	3463098000	9551331	0.715030443839591	3438335795
642613-M1-S2_BDSW190603074-2a_2	23087320	8647099	3463098000	11005264	0.77062040981803	3436410660
647830-M1-S1_BDSW190603075-1a_1	26041345	9848665	3906201750	14279149	0.8709795391392674	3872179532
647830-M1-S1_BDSW190603075-1a_2	26041345	9750083	3906201750	15426526	0.9146050636017456	3870475431
647830-M1-S2_BDSW190603076-1a_1	25357374	9654008	3803606100	7603959	0.5858606915158748	3781322267
647830-M1-S2_BDSW190603076-1a_2	25357374	9619720	3803606100	8980456	0.6366764160989226	3779389437
650846-M1-S1_BDSW190603077-1a_1	30212439	11698005	4531865850	8384832	0.611459891294002	4504155308
650846-M1-S1_BDSW190603077-1a_2	30212439	11694472	4531865850	9839537	0.6596880620374056	4501969672
650846-M1-S2_BDSW190603078-1a_1	29220684	11146942	4383102600	6231373	0.5585002276697789	4358622962
650846-M1-S2_BDSW190603078-1a_2	29220684	11127370	4383102600	8158222	0.6245685191124661	4355727121
652934-M1-S1_BDSW190603079-1a_1	24159740	9119215	3623961000	14039585	0.9413855447119878	3589845555
652934-M1-S1_BDSW190603079-1a_2	24159740	9039120	3623961000	14741894	0.9887323566671937	3588129725
652934-M1-S2_BDSW190603080-1a_1	33476677	12666596	5021501550	6743761	0.5253533776167011	4995120922
652934-M1-S2_BDSW190603080-1a_2	33476677	12618773	5021501550	9116022	0.5908929172788964	4991829853
652934-M2-S1_BDSW190603081-1a_1	24853743	9456936	3728061450	10832102	0.7706253339788699	3699332064
652934-M2-S1_BDSW190603081-1a_2	24853743	9399478	3728061450	11821063	0.8227498235041163	3697388831
652934-M2-S2_BDSW190603082-1a_1	27958785	10681411	4193817750	8439287	0.6554923136562146	4166327597
652934-M2-S2_BDSW190603082-1a_2	27958785	10667950	4193817750	9809305	0.7089159990321467	4164087105
700226-M1-S1_BDSW190603083-1a_1	30388175	11752142	4558226250	12071588	0.731101642881373	4524900983
700226-M1-S1_BDSW190603083-1a_2	30388175	11618511	4558226250	13024475	0.7778491030365156	4522770128
700226-M1-S2_BDSW190603084-1a_1	22525562	8718711	3378834300	5379140	0.5663891537978053	3359696949
700226-M1-S2_BDSW190603084-1a_2	22525562	8704806	3378834300	6986113	0.6329399461820309	3357448308
700226-M2-S1_BDSW190603085-1a_1	28530130	10675265	4279519500	6816295	0.5922674496517658	4254173299
700226-M2-S1_BDSW190603085-1a_2	28530130	10638759	4279519500	8999337	0.6689354961462379	4250892275
700226-M2-S2_BDSW190603086-1a_1	24718076	9185659	3707711400	5976100	0.6235990751599491	3684590146
700226-M2-S2_BDSW190603086-1a_2	24718076	9153278	3707711400	8194161	0.7191272761952292	3681048236
700239-M1-S1_BDSW190603087-1a_1	25758254	9726423	3863738100	6863859	0.6215841596509867	3839721716
700239-M1-S1_BDSW190603087-1a_2	25758254	9666754	3863738100	8212132	0.6777525629907472	3837551516
700239-M1-S2_BDSW190603088-1a_1	27551428	10416307	4132714200	6861207	0.6263695176404891	4106828138
700239-M1-S2_BDSW190603088-1a_2	27551428	10378652	4132714200	9553599	0.7306137211230334	4102520023
HOBO-014-M1-S1_BDSW190603089-1a_1	34512179	13241625	5176826850	12070318	0.6563184936347639	5142850378
HOBO-014-M1-S1_BDSW190603089-1a_2	34512179	13267520	5176826850	15818337	0.7477287945220729	5138118225
HOBO-014-M1-S2_BDSW190603090-1a_1	31543966	12244843	4731594900	6164090	0.5439539424645166	4705857203
HOBO-014-M1-S2_BDSW190603090-1a_2	31543966	12198661	4731594900	8303864	0.6040103306392524	4703015578
HOBO-016-M1-S2_BDSW190603091-1a_1	25154261	9677549	3773139150	7862087	0.7364795968364962	3745350750
HOBO-016-M1-S2_BDSW190603091-1a_2	25154261	9620444	3773139150	8871317	0.7836142751321535	3743572293
HOBO-032-M1-S1_BDSW190603092-1a_1	36906847	14099831	5536027050	12822238	0.6701965085232017	5498924790
HOBO-032-M1-S1_BDSW190603092-1a_2	36906847	14081207	5536027050	13387441	0.7080900914311826	5496826991
HOBO-032-M1-S2-1_BDSW190603094-1a_1	31568846	12337982	4735326900	5900855	0.5247572453762379	4710477929
HOBO-032-M1-S2-1_BDSW190603094-1a_2	31568846	12277649	4735326900	7166747	0.5621316872547912	4708708127
HOBO-032-M1-S2_BDSW190603093-1a_1	32866036	12565069	4929905400	8073337	0.583936316506195	4901117892
HOBO-032-M1-S2_BDSW190603093-1a_2	32866036	12568265	4929905400	9937006	0.6473500079737838	4897991657
HOBO-032-M2-S1_BDSW190603095-1a_1	27943751	10660708	4191562650	12821247	0.8327699455953498	4156656576
HOBO-032-M2-S1_BDSW190603095-1a_2	27943751	10600232	4191562650	13447895	0.8695085590573243	4155116654
HOBO-036-M1-S2-1_BDSW190603097-1a_1	23545099	8988413	3531764850	9746388	0.7210049106185538	3506300652
HOBO-036-M1-S2-1_BDSW190603097-1a_2	23545099	8946635	3531764850	9656538	0.7360394336559525	3505769668
HOBO-036-M1-S2_BDSW190603096-1a_1	23363719	8925752	3504557850	6087844	0.6150441488645993	3483003272
HOBO-036-M1-S2_BDSW190603096-1a_2	23363719	8909392	3504557850	6921098	0.6615537534927551	3481373316
HOBO-036-M2-S1_BDSW190603098-1a_1	30654082	11695033	4598112300	9730215	0.6236971854732648	4569434003
HOBO-036-M2-S1_BDSW190603098-1a_2	30654082	11684797	4598112300	10143725	0.650285553051847	4568211440
HOBO-036-M2-S2_BDSW190603099-1a_1	30030626	11488137	4504593900	8608976	0.6186337463183973	4476726962
HOBO-036-M2-S2_BDSW190603099-1a_2	30030626	11407179	4504593900	9328656	0.6527084050795344	4475192037
HOBO-053-M1-S1_BDSW190603100-1a_1	35674334	13621482	5351150100	15761913	0.7449581539489988	5311286271
HOBO-053-M1-S1_BDSW190603100-1a_2	35674334	13605365	5351150100	18828710	0.836460745139629	5306389830
HOBO-053-M1-S2_BDSW190603101-1a_1	29646366	11275696	4446954900	17969355	1.0579303154165112	4399909216
HOBO-053-M1-S2_BDSW190603101-1a_2	29646366	11192687	4446954900	21612841	1.1916519324268389	4393962676
HOBO-055-M1-S1_BDSW190603102-1a_1	26592985	10169454	3988947750	9527119	0.6838854181531959	3961667918
HOBO-055-M1-S1_BDSW190603102-1a_2	26592985	10080436	3988947750	12744010	0.7929088065894069	3957319032
HOBO-055-M1-S2_BDSW190603103-1a_1	23990965	9031730	3598644750	18062644	1.1796974680537722	3556191629
HOBO-055-M1-S2_BDSW190603103-1a_2	23990965	8960711	3598644750	20999925	1.3088077393579902	3551545409
HOBO-055-M2-S1_BDSW190603104-1a_1	22633497	8621472	3395024550	8186414	0.6893028800042109	3371622548
HOBO-055-M2-S1_BDSW190603104-1a_2	22633497	8596115	3395024550	9875325	0.7648078715660539	3369059135
HOBO-060-M1-S2_BDSW190603105-1a_1	31614709	12204976	4742206350	12229877	0.8288725563365669	4702899503
HOBO-060-M1-S2_BDSW190603105-1a_2	31614709	12154261	4742206350	16754785	0.957552279436343	4696797245
HOBO-063-M1-S1_BDSW190603106-1a_1	33353514	12800347	5003027100	9512805	0.5863963239375617	4973689533
HOBO-063-M1-S1_BDSW190603106-1a_2	33353514	12756425	5003027100	12765053	0.6704561324482932	4969483998
HOBO-063-M1-S2_BDSW190603107-1a_1	24270336	9189609	3640550400	15480154	1.1854477004356263	3597393579
HOBO-063-M1-S2_BDSW190603107-1a_2	24270336	9127214	3640550400	18070098	1.3442817602525157	3591611145
HOBO-063-M2-S1_BDSW190603108-1a_1	30850426	11942636	4627563900	10558379	0.6284257468600272	4598483097
HOBO-063-M2-S1_BDSW190603108-1a_2	30850426	11912852	4627563900	12774269	0.6992110903103899	4595207460
HOBO-063-M2-S2_BDSW190603109-1a_1	25232893	9730933	3784933950	6945566	0.6440819396597396	3760555874
HOBO-063-M2-S2_BDSW190603109-1a_2	25232893	9695262	3784933950	9342684	0.7392401127633945	3756954200
HOBO-064-M1-S1_BDSW190603110-1a_1	32379837	12296559	4856975550	12891259	0.7766374693815372	4819254458
HOBO-064-M1-S1_BDSW190603110-1a_2	32379837	12248368	4856975550	15838033	0.8720774392203806	4814618962
HOBO-211-M1-S1_BDSW190603111-1a_1	26326880	9960640	3949032000	8622462	0.6896058831632664	3921799243
HOBO-211-M1-S1_BDSW190603111-1a_2	26326880	9894592	3949032000	13050056	0.8517953766897812	3915394328
HOBO-211-M1-S2_BDSW190603112-1a_1	28377123	10878293	4256568450	10654078	0.6980161683996883	4226856914
HOBO-211-M1-S2_BDSW190603112-1a_2	28377123	10794958	4256568450	12439011	0.7600108016587869	4224218070
HOBO-211-M2-S1_BDSW190603113-1a_1	28359592	10761071	4253938800	7829548	0.6836839542684535	4224855303
HOBO-211-M2-S1_BDSW190603113-1a_2	28359592	10739220	4253938800	11156201	0.8095575799068854	4219500716
HOBO-216-M1-S1_BDSW190603114-1a_1	26389154	10208313	3958373100	7815732	0.6095888485095051	3934243299
HOBO-216-M1-S1_BDSW190603114-1a_2	26389154	10202452	3958373100	10472953	0.7028862691088923	3930550239
HOBO-216-M1-S2_BDSW190603115-1a_1	29918321	11472306	4487748150	13171131	0.7738204515777027	4453021037
HOBO-216-M1-S2_BDSW190603115-1a_2	29918321	11454663	4487748150	14526444	0.8301956739706974	4450491059
HOBO-233-M1-S1_BDSW190603116-1a_1	26412306	10198171	3961845900	8665607	0.6298728832436415	3936891307
HOBO-233-M1-S1_BDSW190603116-1a_2	26412306	10241504	3961845900	12203524	0.7524873443462301	3932033511
HOBO-233-M1-S2_BDSW190603117-1a_1	28526053	10890976	4278907950	8509559	0.6670674231260338	4250364749
HOBO-233-M1-S2_BDSW190603117-1a_2	28526053	10882439	4278907950	11706436	0.7831300273706518	4245398537
HOBO-242-M1-S1_BDSW190603118-1a_1	33811738	13053560	5071760700	14067381	0.7590609115292053	5033262947
HOBO-242-M1-S1_BDSW190603118-1a_2	33811738	13010478	5071760700	17006985	0.8552697685440878	5028383464
HOBO-242-M1-S2_BDSW190603119-1a_1	28571205	11115526	4285680750	15034256	0.8726021181115743	4248283809
HOBO-242-M1-S2_BDSW190603119-1a_2	28571205	11060301	4285680750	15828921	0.957284697419424	4244654584
HOBO-265-M1-S1_BDSW190603120-1a_1	28552547	10976057	4282882050	7310423	0.5739331532606647	4258301170
HOBO-265-M1-S1_BDSW190603120-1a_2	28552547	10957422	4282882050	9759343	0.6575723933373323	4254719000
HOBO-265-M1-S2_BDSW190603121-1a_1	30715221	11650501	4607283150	22675324	1.1560482450487117	4554020734
HOBO-265-M1-S2_BDSW190603121-1a_2	30715221	11577858	4607283150	25963212	1.2846921292432396	4548093746
HOBO-270-M1-S1_BDSW190603122-1a_1	34641408	13191551	5196211200	9358146	0.5979933610088828	5165138202
HOBO-270-M1-S1_BDSW190603122-1a_2	34641408	13284103	5196211200	13420045	0.7174474163020934	5158931117
HOBO-270-M1-S2_BDSW190603123-1a_1	26517300	10168036	3977595000	9250190	0.6343362760663165	3952363672
HOBO-270-M1-S2_BDSW190603123-1a_2	26517300	10161313	3977595000	9942180	0.674545045435747	3950764330
HOBO-270-M2-S1_BDSW190603124-1a_1	30753486	11649207	4613022900	9894236	0.7299108573686032	4579351945
HOBO-270-M2-S1_BDSW190603124-1a_2	30753486	11584163	4613022900	15371701	0.8854429489175092	4572177214
HOBO-270-M2-S2_BDSW190603125-1a_1	29841429	11231562	4476214350	13672241	0.8806323584570968	4436795358
HOBO-270-M2-S2_BDSW190603125-1a_2	29841429	11179530	4476214350	18550524	1.0402504964937616	4429650508
HOBO-273-M1-S1_BDSW190603126-2a_1	29973316	11477264	4495997400	11454859	0.8243130211774589	4458936308
HOBO-273-M1-S1_BDSW190603126-2a_2	29973316	11432581	4495997400	15215312	0.9402295250437644	4453724705
HOBO-273-M1-S2_BDSW190603127-2a_1	30500196	11768345	4575029400	16136904	0.8556799438272462	4535881791
HOBO-273-M1-S2_BDSW190603127-2a_2	30500196	11822711	4575029400	21100972	0.9794499899825779	4530219275
HOBO-304-M1-S1_BDSW190603128-1a_1	27755995	10612190	4163399250	10181731	0.7189017964107094	4133468498
HOBO-304-M1-S1_BDSW190603128-1a_2	27755995	10528303	4163399250	13518665	0.8391265142299289	4128463063
HOBO-304-M1-S2_BDSW190603129-1a_1	32805481	12487985	4920822150	10423675	0.7453015752662387	4884147185
HOBO-304-M1-S2_BDSW190603129-1a_2	32805481	12457492	4920822150	14353082	0.8762897069954052	4877701492
HOBO-304-M2-S1_BDSW190603130-1a_1	23627528	9085069	3544129200	11765150	0.7610481299609506	3517156671
HOBO-304-M2-S1_BDSW190603130-1a_2	23627528	9057062	3544129200	12563754	0.8093712272114685	3515444038
HOBO-304-M2-S2_BDSW190603131-1a_1	28343917	10791953	4251587550	10496032	0.7111741824533285	4221351357
HOBO-304-M2-S2_BDSW190603131-1a_2	28343917	10730917	4251587550	13994449	0.8319962739565365	4216214500
HOBO-308-M1-S1_BDSW190603132-1a_1	28818310	11083895	4322746500	10334239	0.6704821344485502	4293763257
HOBO-308-M1-S1_BDSW190603132-1a_2	28818310	11022821	4322746500	12708314	0.750803638381293	4290291162
HOBO-308-M1-S2_BDSW190603133-1a_1	33359418	13016650	5003912700	26957123	1.004972348938062	4953624761
HOBO-308-M1-S2_BDSW190603133-1a_2	33359418	12978643	5003912700	24177547	0.9871838491506857	4954514882
HOBO-310-M1-S1_BDSW190603135-1a_1	29091228	11097630	4363684200	10553040	0.7447059986604897	4331187582
HOBO-310-M1-S1_BDSW190603135-1a_2	29091228	11060855	4363684200	15057722	0.8900836132917226	4324843762
HOBO-310-M1-S2_BDSW190603136-1a_1	33165308	12489163	4974796200	8117492	0.6056039039347985	4944668640
HOBO-310-M1-S2_BDSW190603136-1a_2	33165308	12456285	4974796200	11771243	0.718125960617241	4939070897
HOBO-310-M2-S1_BDSW190603137-1a_1	28775521	11060856	4316328150	7370327	0.5658172907914798	4291905619
HOBO-310-M2-S1_BDSW190603137-1a_2	28775521	11047060	4316328150	10106896	0.6558591009814674	4288019119
HOBO-310-M2-S2_BDSW190603138-1a_1	23137612	8798125	3470641800	11293036	0.8354652733105445	3441645793
HOBO-310-M2-S2_BDSW190603138-1a_2	23137612	8780827	3470641800	13224660	0.9242715857337972	3438563644
HOBO-312-M1-S1_BDSW190603139-1a_1	27872920	10661402	4180938000	7425490	0.5936585283015438	4156117505
HOBO-312-M1-S1_BDSW190603139-1a_2	27872920	10631347	4180938000	10306945	0.6884614648674532	4152153853
HOBO-312-M1-S2_BDSW190603140-1a_1	26424898	9980628	3963734700	10209518	0.707738537596878	3935681822
HOBO-312-M1-S2_BDSW190603140-1a_2	26424898	9988526	3963734700	12874666	0.8030494826003366	3931903949
HOBO-315-M1-S1_BDSW190603141-1a_1	31377983	12212596	4706697450	12886443	0.6604702836805454	4675611112
HOBO-315-M1-S1_BDSW190603141-1a_2	31377983	12212724	4706697450	14739021	0.7225911025999769	4672687273
HOBO-315-M1-S2_BDSW190603142-1a_1	26595340	10286901	3989301000	11237967	0.7521987686564638	3959293527
HOBO-315-M1-S2_BDSW190603142-1a_2	26595340	10224100	3989301000	11255261	0.7876922548586832	3957877585
HOBO-315-M2-S1_BDSW190603143-1a_1	31266685	12116729	4690002750	14056414	0.7736723821750424	4653717494
HOBO-315-M2-S1_BDSW190603143-1a_2	31266685	12147755	4690002750	18827608	0.9057495541980225	4647523071
HOBO-317-M1-S2_BDSW190603144-1a_1	28910821	11434367	4336623150	21800324	1.0091279432477318	4292861074
HOBO-317-M1-S2_BDSW190603144-1a_2	28910821	11260684	4336623150	19190399	0.9732427407255804	4294417280
HOBO-331-M1-S1_BDSW190603145-1a_1	31163381	11958113	4674507150	11743340	0.7154754271795263	4641062200
HOBO-331-M1-S1_BDSW190603145-1a_2	31163381	11934232	4674507150	15621301	0.8313624891984603	4635645051
HOBO-331-M1-S2_BDSW190603146-1a_1	29914039	11479352	4487105850	17092767	0.9700720342935525	4443577691
HOBO-331-M1-S2_BDSW190603146-1a_2	29914039	11390686	4487105850	22302885	1.0915007052931458	4438129058
HOBO-333-M1-S1_BDSW190603147-1a_1	26420841	9966832	3963126150	11811358	0.7564745321064281	3933146110
HOBO-333-M1-S1_BDSW190603147-1a_2	26420841	9963050	3963126150	13806685	0.8439721506215491	3929678469
HOBO-333-M1-S2_BDSW190603148-1a_1	30596708	11725679	4589506200	13294150	0.869636541726428	4549594177
HOBO-333-M1-S2_BDSW190603148-1a_2	30596708	11642061	4589506200	16050193	0.9770084415617523	4544666337
HOBO-333-M2-S1_BDSW190603149-1a_1	35577700	13672342	5336655000	12840956	0.6959952816886233	5299512133
HOBO-333-M2-S1_BDSW190603149-1a_2	35577700	13751866	5336655000	18932338	0.8385698906899547	5291903418
HOBO-333-M2-S2_BDSW190603150-1a_1	20823464	8011749	3123519600	5261485	0.6133876028823383	3104360318
HOBO-333-M2-S2_BDSW190603150-1a_2	20823464	7974037	3123519600	7603006	0.7206229152523967	3101010802
HOBO-335-M1-S1_BDSW190603151-1a_1	32231637	12192174	4834745550	13253204	0.8390500716216596	4794179614
HOBO-335-M1-S1_BDSW190603151-1a_2	32231637	12103164	4834745550	18840285	0.9933626393223528	4786718994
HOBO-335-M1-S2_BDSW190603152-1a_1	30165684	11460639	4524852600	8714957	0.6771716055457806	4494211583
HOBO-335-M1-S2_BDSW190603152-1a_2	30165684	11388879	4524852600	14929816	0.8487337465976239	4486448649
HOBO-335-M2-S1_BDSW190603153-1a_1	28527104	10759624	4279065600	14958397	0.9226786100217768	4239583577
HOBO-335-M2-S1_BDSW190603153-1a_2	28527104	10717416	4279065600	17171965	1.0071552770773133	4235968765
HOBO-335-M2-S2_BDSW190603154-1a_1	28712909	11002812	4306936350	7369201	0.6223327168510395	4280132876
HOBO-335-M2-S2_BDSW190603154-1a_2	28712909	10985793	4306936350	9581008	0.6998935565880837	4276792380
HOBO-341-M1-S1_BDSW190603155-1a_1	27775060	10559598	4166259000	8931555	0.6821563661788669	4137838599
HOBO-341-M1-S1_BDSW190603155-1a_2	27775060	10504271	4166259000	12475738	0.8039522026835105	4132764269
HOBO-341-M1-S2_BDSW190603156-1a_1	26013634	9980517	3902045100	8548477	0.7210380013290979	3873909872
HOBO-341-M1-S2_BDSW190603156-1a_2	26013634	9904991	3902045100	11574993	0.8381884156080103	3869338610
HOBO-345-M1-S1_BDSW190603157-1a_1	31885528	12114666	4782829200	14358427	0.7070020606213577	4749014499
HOBO-345-M1-S1_BDSW190603157-1a_2	31885528	12103845	4782829200	13770408	0.72421423704614	4748191270
HOBO-345-M1-S2_BDSW190603158-1a_1	26652507	10579632	3997876050	10834684	0.6830911128422803	3970566914
HOBO-345-M1-S2_BDSW190603158-1a_2	26652507	10570370	3997876050	13646173	0.772161683201759	3967005983
HOBO-347-M1-S1_BDSW190603159-1a_1	32663192	12419965	4899478800	9326766	0.618988452404366	4869151592
HOBO-347-M1-S1_BDSW190603159-1a_2	32663192	12384344	4899478800	11965854	0.6985480986263274	4865253584
HOBO-347-M1-S2_BDSW190603160-1a_1	28227159	10824930	4234073850	8751806	0.6247148003807255	4207622964
HOBO-347-M1-S2_BDSW190603160-1a_2	28227159	10773123	4234073850	10829129	0.6942390246688777	4204679257
HOBO-347-M2-S2_BDSW190603161-1a_1	28591279	11112196	4288691850	12396445	0.9790441577190957	4246703663
HOBO-347-M2-S2_BDSW190603161-1a_2	28591279	11064465	4288691850	17913862	1.145241736125201	4239575961
HOBO-349-M1-S1_BDSW190603162-1a_1	32915128	12468692	4937269200	12259007	0.7119144121207731	4902120069
HOBO-349-M1-S1_BDSW190603162-1a_2	32915128	12402462	4937269200	15865401	0.806852379043865	4897432726
HOBO-349-M1-S2_BDSW190603163-1a_1	24509831	9217008	3676474650	4802714	0.5513673268493773	3656203770
HOBO-349-M1-S2_BDSW190603163-1a_2	24509831	9173896	3676474650	6693562	0.6257395246829731	3653469495
HOBO-351-M1-S1_BDSW190603164-1a_1	28340646	10643794	4251096900	9014209	0.6974307972137732	4221448441
HOBO-351-M1-S1_BDSW190603164-1a_2	28340646	10602745	4251096900	11330959	0.7981959667868309	4217164816
HOBO-352-M1-S2_BDSW190603166-1a_1	29434077	11107698	4415111550	9014106	0.7165637751553525	4383474460
HOBO-352-M1-S2_BDSW190603166-1a_2	29434077	11081173	4415111550	12259818	0.8212888075274112	4378850733
HOBO-353-M1-S1_BDSW190603167-1a_1	34687433	13161555	5203114950	13129115	0.8269820562007764	5160086123
HOBO-353-M1-S1_BDSW190603167-1a_2	34687433	13100535	5203114950	19650599	0.9879001423945093	5151713370
HOBO-357-M1-S1_BDSW190603168-1a_1	24023397	9198921	3603509550	9747197	0.7315278795362149	3577148873
HOBO-357-M1-S1_BDSW190603168-1a_2	24023397	9135787	3603509550	12118237	0.8194294365058641	3573981332
HOBO-357-M1-S2_BDSW190603169-1a_1	34319272	13005465	5147890800	11348971	0.7441315577245733	5109583720
HOBO-357-M1-S2_BDSW190603169-1a_2	34319272	12980502	5147890800	16464182	0.8761422833600122	5102787952
HOBO-357-M1-S2_BDSW190604019-1a_1	28383090	10960588	4257463500	12159572	0.7266737812314774	4226525629
HOBO-357-M1-S2_BDSW190604019-1a_2	28383090	10890587	4257463500	13698421	0.7971584724096872	4223524769
HOBO-357-M2-S1_BDSW190603170-1a_1	29303374	11038583	4395506100	9714588	0.6321532803696939	4367719764
HOBO-357-M2-S1_BDSW190603170-1a_2	29303374	11034449	4395506100	11787754	0.7050365144527954	4364516177
SM-01-M1-S1_BDSW190603171-1a_1	33503082	12792654	5025462300	12807968	0.7691364235286374	4986809639
SM-01-M1-S1_BDSW190603171-1a_2	33503082	12730212	5025462300	14972300	0.8444187711844938	4983026353
SM-01-M1-S2_BDSW190603172-1a_1	30035164	11423708	4505274600	12944880	0.8028729480773492	4469102969
SM-01-M1-S2_BDSW190603172-1a_2	30035164	11369857	4505274600	15164539	0.8910902789366046	4465128536
SM-01-M2-S1_BDSW190603173-1a_1	30368529	11653736	4555279350	11651672	0.6632856446004788	4525064836
SM-01-M2-S1_BDSW190603173-1a_2	30368529	11620384	4555279350	13322639	0.7262845471815027	4522195060
SM-02-M1-S1_BDSW190603174-1a_1	29257312	11107761	4388596800	8559267	0.6529016062719637	4359943581
SM-02-M1-S1_BDSW190603174-1a_2	29257312	11039376	4388596800	10722944	0.7282877752633826	4356635186
SM-02-M1-S2_BDSW190603175-1a_1	30038315	11316897	4505747250	7430485	0.5784368619433768	4479684347
SM-02-M1-S2_BDSW190603175-1a_2	30038315	11269574	4505747250	9710283	0.6483235161492913	4476535431
SM-03-M1-S1_BDSW190603176-1a_1	31181705	11847279	4677255750	12876866	0.7714490275627969	4641173106
SM-03-M1-S1_BDSW190603176-1a_2	31181705	11887152	4677255750	15893235	0.8726829188247831	4636438138
SM-03-M1-S2_BDSW190603177-1a_1	29087857	11159240	4363178550	11657432	0.7835851915801153	4328989329
SM-03-M1-S2_BDSW190603177-1a_2	29087857	11142384	4363178550	14133741	0.8959262737482975	4324087687
SM-04-M1-S1_BDSW190603178-1a_1	29161156	11201765	4374173400	8798671	0.6192720892134729	4347085365
SM-04-M1-S1_BDSW190603178-1a_2	29161156	11162252	4374173400	11437100	0.7039072113602081	4343383278
SM-04-M1-S2_BDSW190603179-1a_1	29602961	11239390	4440444150	14735822	0.8585892472040212	4402318974
SM-04-M1-S2_BDSW190603179-1a_2	29602961	11128475	4440444150	17059415	0.9406301844827842	4398675992
SM-05-M1-S1_BDSW190603180-1a_1	28544678	11041399	4281701700	9921741	0.6781347939301797	4252665991
SM-05-M1-S1_BDSW190603180-1a_2	28544678	10978587	4281701700	12905587	0.7752601494868266	4248507373
SM-05-M1-S2_BDSW190603181-1a_1	29045257	11104032	4356788550	19143308	1.1195322986239487	4308012895
SM-05-M1-S2_BDSW190603181-1a_2	29045257	11006171	4356788550	21641410	1.23693127131451	4302898070
SM-06-M1-S1_BDSW190603182-1a_1	30827049	11791520	4624057350	11325319	0.6945815453608074	4591939501
SM-06-M1-S1_BDSW190603182-1a_2	30827049	11783102	4624057350	14132968	0.7766908643553048	4588142719
SM-06-M1-S2_BDSW190603183-1a_1	26841585	10262059	4026237750	10993838	0.8671104432419572	3991325822
SM-06-M1-S2_BDSW190603183-1a_2	26841585	10240528	4026237750	15648592	1.0342447362925848	3984596598
SM-06-M2-S1_BDSW190603184-2a_1	35830765	13617428	5374614750	14840008	0.675721808711964	5338297306
SM-06-M2-S1_BDSW190603184-2a_2	35830765	13579835	5374614750	14765832	0.6983293081611105	5337082240
SM-06-M2-S2_BDSW190603185-2a_1	32151878	12326458	4822781700	13747125	0.7142844761146872	4788333319
SM-06-M2-S2_BDSW190603185-2a_2	32151878	12273063	4822781700	14420575	0.7528643894456181	4786472694
SM-07-M1-S1_BDSW190603186-1a_1	29080371	11155813	4362055650	10272682	0.6267034442809092	4334718497
SM-07-M1-S1_BDSW190603186-1a_2	29080371	11094109	4362055650	11252104	0.6722847059505075	4332730217
SM-07-M1-S2_BDSW190603187-1a_1	32602805	12440358	4890420750	19054321	0.9537495725700084	4843778383
SM-07-M1-S2_BDSW190603187-1a_2	32602805	12363313	4890420750	21582143	1.034132758413476	4839847307
SM-08-M1-S1_BDSW190603188-1a_1	43243237	16295339	6486485550	22119873	0.874841569638585	6429739078
SM-08-M1-S1_BDSW190603188-1a_2	43243237	16111669	6486485550	26656498	0.9645794400944899	6423918244
SM-08-M1-S2_BDSW190603189-2a_1	29436501	11148792	4415475150	16771299	0.9649458677170905	4372868205
SM-08-M1-S2_BDSW190603189-2a_2	29436501	11078836	4415475150	16316609	1.001400608041017	4371258555
SM-09-M1-S1_BDSW190603190-1a_1	26960403	10364989	4044060450	14463700	0.8567726033867767	4009412048
SM-09-M1-S1_BDSW190603190-1a_2	26960403	10347251	4044060450	18848467	0.9888287649112664	4004071617
SM-09-M1-S2_BDSW190603191-2a_1	22925125	8865761	3438768750	20789908	1.3031539559035483	3393956299
SM-09-M1-S2_BDSW190603191-2a_2	22925125	8800526	3438768750	22753176	1.3984097651230547	3390680672
SM-09-M2-S1_BDSW190603192-2a_1	28559753	10982470	4283962950	11091024	0.6774287812176341	4254942152
SM-09-M2-S1_BDSW190603192-2a_2	28559753	10943031	4283962950	13245814	0.7527072333807182	4251717251
SM-09-M2-S2_BDSW190603193-2a_1	30281854	11596881	4542278100	9396316	0.6687534169253089	4511901460
SM-09-M2-S2_BDSW190603193-2a_2	30281854	11658005	4542278100	14813470	0.8054097128046828	4505694151
SM-PG-M1-S1_BDSW190603194-2a_1	34322527	13010242	5148379050	14820223	0.8152544440176758	5106406661
SM-PG-M1-S1_BDSW190603194-2a_2	34322527	13025978	5148379050	18575473	0.9241923824548233	5100798123
SM-PG-M1-S2_BDSW190603195-1a_1	31047896	11805000	4657184400	15177611	0.772965850353703	4621185955
SM-PG-M1-S2_BDSW190603195-1a_2	31047896	11749381	4657184400	16061410	0.8278849984982342	4618628269
